47.614798 -122.348918
47.589784 -122.317279
47.658581 -122.305739
47.732314 -122.350236
47.556785 -122.286143
47.612889 -122.316733
47.721329 -122.296339
47.610743 -122.338702
47.535914 -122.270031
47.668673 -122.380353
47.584234 -122.299024
47.654026 -122.310403
47.656502 -122.308186
47.658634 -122.304247
47.611207 -122.337592
47.681526 -122.390836
47.542446 -122.279196
47.717893 -122.318086
47.62254 -122.347588
47.600843 -122.330271
47.523057 -122.329431
47.65532 -122.307891
47.559002 -122.386839
47.611943 -122.325987
47.60739 -122.332564
47.708899 -122.320568
47.60975 -122.337793
47.666612 -122.316313
47.58897 -122.386243
47.692409 -122.282626
47.723245 -122.357582
47.562728 -122.294695
47.624588 -122.358016
47.666612 -122.316313
47.615825 -122.338753
47.555377 -122.28289
47.638073 -122.340819
47.651305 -122.347197
47.613037 -122.326981
47.690838 -122.327028
47.524426 -122.376646
47.611694 -122.324223
47.588229 -122.334197
47.690583 -122.351344
47.619898 -122.322206
47.659793 -122.312994
47.64319 -122.324628
47.574996 -122.298668
47.723571 -122.344981
47.571408 -122.291001
47.619958 -122.322207
47.612606 -122.345213
47.615237 -122.320554
47.601649 -122.302324
47.638363 -122.308916
47.620976 -122.33716
47.675977 -122.280882
47.71049 -122.326004
47.6146 -122.342634
47.6198 -122.354138
47.526457 -122.320229
47.615235 -122.320799
47.608897 -122.339832
47.705096 -122.344695
47.601686 -122.31285
47.688829 -122.302763
47.60705 -122.335324
47.622242 -122.332995
47.539419 -122.390816
47.610743 -122.338702
47.610743 -122.338702
47.583969 -122.329054
47.718106 -122.344911
47.534956 -122.39043
47.658555 -122.402369
47.583977 -122.329054
47.672564 -122.354379
47.567542 -122.274517
47.653705 -122.391573
47.528481 -122.38493
47.635956 -122.356955
47.538828 -122.282152
47.52648 -122.327896
47.661621 -122.311988
47.627192 -122.356823
47.728572 -122.312676
47.733848 -122.303581
47.653977 -122.31845
47.610321 -122.343637
47.558988 -122.376234
47.602701 -122.334414
47.647771 -122.354473
47.721558 -122.370386
47.605223 -122.320558
47.609125 -122.340291
47.667983 -122.38696
47.701112 -122.289726
47.604488 -122.339091
47.638776 -122.327111
47.657946 -122.399517
47.652168 -122.376206
47.69429 -122.35534
47.706812 -122.328592
47.613326 -122.344446
47.690595 -122.355302
47.540236 -122.282824
47.719572 -122.344937
47.610743 -122.338702
47.677601 -122.280793
47.616595 -122.340055
47.610321 -122.343637
47.601716 -122.330265
47.733296 -122.343995
47.582921 -122.383832
47.632256 -122.324956
47.665041 -122.350003
47.610743 -122.338702
47.734129 -122.344004
47.675777 -122.305073
47.6017 -122.320737
47.629573 -122.356662
47.562744 -122.377451
47.723223 -122.351366
47.623222 -122.333001
47.624269 -122.320942
47.559045 -122.321742
47.668015 -122.383712
47.539446 -122.29095
47.68846 -122.298166
47.598288 -122.331581
47.594356 -122.310367
47.612892 -122.316567
47.589687 -122.393913
47.672917 -122.277167
47.66881 -122.382145
47.710481 -122.326004
47.639856 -122.315998
47.558323 -122.301546
47.608693 -122.333757
47.574996 -122.298668
47.535085 -122.384792
47.615245 -122.319465
47.731973 -122.296091
47.618693 -122.334256
47.614798 -122.348918
47.654355 -122.348578
47.624561 -122.347571
47.723218 -122.348195
47.539419 -122.390816
47.663307 -122.299216
47.728365 -122.293639
47.558988 -122.376234
47.610972 -122.340465
47.60975 -122.337793
47.525002 -122.291531
47.566702 -122.290975
47.585711 -122.31908
47.520669 -122.335821
47.681885 -122.367277
47.673813 -122.371498
47.635722 -122.353184
47.681885 -122.367277
47.671638 -122.3827
47.605672 -122.328492
47.607829 -122.319314
47.666267 -122.300605
47.719885 -122.35554
47.611553 -122.311479
47.684768 -122.344492
47.504359 -122.258295
47.614798 -122.348918
47.708572 -122.319754
47.521023 -122.364548
47.542292 -122.283626
47.663692 -122.351472
47.529978 -122.35059
47.502755 -122.244765
47.670187 -122.388155
47.728365 -122.293639
47.6002 -122.330547
47.553736 -122.365633
47.610743 -122.338702
47.623222 -122.333001
47.62638 -122.347556
47.723436 -122.355547
47.619759 -122.35283
47.61215 -122.32617
47.542109 -122.308123
47.668015 -122.383712
47.716844 -122.344889
47.708899 -122.320568
47.609829 -122.340936
47.66651 -122.309451
47.553455 -122.288741
47.623243 -122.347583
47.617671 -122.308833
47.602985 -122.328535
47.709995 -122.32296
47.549959 -122.363012
47.619215 -122.302545
47.688685 -122.393039
47.600843 -122.330271
47.7024 -122.360743
47.719601 -122.355539
47.601718 -122.331581
47.732394 -122.293826
47.667157 -122.37098
47.628762 -122.312544
47.551918 -122.362988
47.544504 -122.311233
47.600871 -122.326327
47.674016 -122.269328
47.662193 -122.366195
47.59829 -122.330371
47.652393 -122.354474
47.654151 -122.357376
47.708899 -122.320568
47.602978 -122.284637
47.504601 -122.37132
47.665337 -122.300716
47.723245 -122.357638
47.607412 -122.330402
47.601612 -122.330037
47.709488 -122.323301
47.623272 -122.355415
47.649847 -122.344754
47.538884 -122.282179
47.61122 -122.337562
47.622498 -122.355421
47.603233 -122.330297
47.600834 -122.330272
47.606837 -122.316552
47.676132 -122.386426
47.602292 -122.294931
47.603611 -122.323056
47.601955 -122.334178
47.618693 -122.334256
47.633891 -122.280817
47.601886 -122.330511
47.619677 -122.311397
47.654702 -122.316797
47.610107 -122.297538
47.659443 -122.304293
47.625423 -122.347565
47.701756 -122.335022
47.686942 -122.344503
47.602985 -122.328535
47.615789 -122.336507
47.525162 -122.265599
47.521244 -122.336301
47.610743 -122.338702
47.606444 -122.325563
47.657588 -122.321883
47.606624 -122.331628
47.678011 -122.293044
47.610321 -122.341385
47.66166 -122.300907
47.515169 -122.387474
47.52101 -122.269997
47.578092 -122.403992
47.651083 -122.303907
47.608621 -122.320756
47.663084 -122.311966
47.624272 -122.331725
47.520903 -122.335824
47.71049 -122.326004
47.615254 -122.318159
47.637416 -122.355598
47.519026 -122.267387
47.604841 -122.324097
47.614085 -122.319447
47.605671 -122.316781
47.655998 -122.31426
47.600853 -122.316965
47.610743 -122.338702
47.604841 -122.324097
47.605196 -122.316781
47.515131 -122.38469
47.595374 -122.319764
47.709163 -122.302529
47.709163 -122.302529
47.584234 -122.299024
47.623361 -122.325313
47.620859 -122.31269
47.623361 -122.325313
47.658385 -122.347385
47.614944 -122.328654
47.537388 -122.375238
47.599197 -122.328968
47.72467 -122.344993
47.620035 -122.343513
47.524686 -122.363452
47.613247 -122.320767
47.598288 -122.331678
47.676136 -122.290283
47.542466 -122.275011
47.663657 -122.37045
47.614085 -122.319447
47.566166 -122.368614
47.668015 -122.383712
47.650448 -122.405825
47.695399 -122.401349
47.635955 -122.370355
47.617246 -122.355049
47.624569 -122.350928
47.651813 -122.30407
47.66707 -122.301946
47.621244 -122.283072
47.686756 -122.319898
47.65755 -122.302493
47.655429 -122.299801
47.613349 -122.344486
47.544669 -122.373777
47.537035 -122.28468
47.697867 -122.367016
47.611563 -122.316779
47.722899 -122.293194
47.533084 -122.294173
47.661466 -122.307242
47.620037 -122.359786
47.725319 -122.326218
47.66707 -122.301946
47.625234 -122.306025
47.610396 -122.327328
47.667944 -122.336196
47.613318 -122.344433
47.599281 -122.302233
47.610044 -122.338062
47.553713 -122.360034
47.72124 -122.31503
47.534196 -122.379862
47.732314 -122.350236
47.6002 -122.330547
47.616642 -122.327881
47.653599 -122.314489
47.710419 -122.361573
47.624564 -122.348877
47.521244 -122.336301
47.540851 -122.375199
47.558843 -122.302806
47.580715 -122.403987
47.558684 -122.397623
47.607828 -122.339105
47.650543 -122.307616
47.580215 -122.310768
47.604452 -122.318105
47.658982 -122.301139
47.612626 -122.341277
47.608059 -122.31678
47.664317 -122.398291
47.532395 -122.293428
47.504611 -122.377022
47.631527 -122.344951
47.624331 -122.286769
47.53891 -122.375239
47.595693 -122.333273
47.623683 -122.361941
47.64306 -122.34942
47.623133 -122.334195
47.546215 -122.375056
47.612716 -122.345399
47.588228 -122.333264
47.625474 -122.344953
47.66707 -122.301946
47.605305 -122.322989
47.72124 -122.31503
47.611629 -122.339592
47.602172 -122.330863
47.542647 -122.293542
47.659793 -122.312994
47.604695 -122.336238
47.6002 -122.330547
47.585357 -122.385259
47.600875 -122.328963
47.506118 -122.261286
47.61055 -122.329318
47.665669 -122.300628
47.535389 -122.379284
47.658432 -122.289286
47.721329 -122.296339
47.633157 -122.349564
47.605199 -122.318094
47.663136 -122.395884
47.63325 -122.379565
47.689574 -122.289408
47.613011 -122.326948
47.611672 -122.336484
47.722043 -122.339575
47.660363 -122.333741
47.688388 -122.361053
47.654902 -122.355481
47.638842 -122.393009
47.646649 -122.362309
47.62393 -122.356714
47.604379 -122.287699
47.606212 -122.320559
47.513599 -122.290706
47.644946 -122.362465
47.549959 -122.363012
47.705848 -122.320504
47.57198 -122.296727
47.668431 -122.355385
47.538958 -122.296081
47.619666 -122.306061
47.626101 -122.284507
47.702146 -122.283256
47.702577 -122.328518
47.611729 -122.296223
47.577095 -122.404333
47.702763 -122.2814
47.627036 -122.306051
47.571965 -122.388102
47.611074 -122.340638
47.612498 -122.350556
47.519505 -122.324976
47.51696 -122.257798
47.572475 -122.289911
47.568759 -122.408451
47.662792 -122.30292
47.69681 -122.327101
47.661582 -122.313125
47.605199 -122.318094
47.661533 -122.320727
47.602172 -122.330863
47.708657 -122.333118
47.574225 -122.321403
47.669868 -122.313026
47.612398 -122.340892
47.669476 -122.384743
47.66288 -122.353974
47.696704 -122.311697
47.618779 -122.315444
47.628904 -122.30235
47.60975 -122.337793
47.612716 -122.345399
47.51736 -122.355165
47.517354 -122.354035
47.612716 -122.345399
47.58541 -122.303541
47.542273 -122.275373
47.516755 -122.265399
47.61874 -122.320854
47.595693 -122.333273
47.602348 -122.337148
47.612716 -122.345399
47.533703 -122.365862
47.537035 -122.28468
47.529999 -122.356402
47.651083 -122.303907
47.682799 -122.331586
47.521297 -122.275744
47.623478 -122.32093
47.645149 -122.370464
47.518843 -122.356494
47.678321 -122.26222
47.690563 -122.344522
47.613063 -122.340033
47.616342 -122.326788
47.708602 -122.324588
47.701756 -122.335022
47.667143 -122.35442
47.587553 -122.325972
47.599281 -122.302222
47.614121 -122.289272
47.586175 -122.325975
47.683721 -122.322734
47.608054 -122.32821
47.617173 -122.333103
47.728533 -122.293652
47.650742 -122.308009
47.624583 -122.356709
47.599212 -122.313814
47.703635 -122.355438
47.645142 -122.374872
47.602114 -122.330809
47.708629 -122.328634
47.544669 -122.373777
47.622498 -122.355421
47.650833 -122.360877
47.528286 -122.356617
47.676375 -122.360482
47.63847 -122.319016
47.59797 -122.328971
47.719885 -122.35554
47.717381 -122.294874
47.695749 -122.305361
47.553442 -122.387
47.61762 -122.310139
47.603781 -122.338424
47.595693 -122.333273
47.60975 -122.337793
47.535497 -122.350893
47.619715 -122.329135
47.619915 -122.330418
47.63353 -122.356984
47.623717 -122.360635
47.730274 -122.292316
47.677759 -122.387535
47.693986 -122.379115
47.52828 -122.365857
47.588411 -122.305827
47.659992 -122.309735
47.58633 -122.304239
47.683599 -122.387565
47.658958 -122.351878
47.690609 -122.357777
47.61055 -122.329318
47.525419 -122.314927
47.595693 -122.333273
47.519457 -122.273461
47.567977 -122.400716
47.595693 -122.333273
47.592046 -122.334195
47.656819 -122.347234
47.614815 -122.346964
47.618768 -122.31691
47.528857 -122.269987
47.660483 -122.386402
47.616403 -122.320817
47.614788 -122.342952
47.61077 -122.326433
47.642322 -122.347034
47.662192 -122.364148
47.71049 -122.326004
47.599192 -122.316818
47.70684 -122.332461
47.616461 -122.297467
47.648346 -122.344057
47.560296 -122.38416
47.618693 -122.334256
47.719587 -122.350313
47.719587 -122.350313
47.669446 -122.379286
47.732314 -122.350236
47.608621 -122.320756
47.715872 -122.320755
47.626322 -122.348863
47.693785 -122.332655
47.614736 -122.342459
47.693785 -122.332691
47.694335 -122.372756
47.622498 -122.355421
47.622498 -122.355421
47.648731 -122.344029
47.723218 -122.348195
47.694335 -122.372756
47.586426 -122.289986
47.604911 -122.333366
47.6002 -122.330547
47.61762 -122.310139
47.679493 -122.30879
47.645152 -122.346913
47.668665 -122.374178
47.506421 -122.378756
47.562728 -122.294695
47.624274 -122.331058
47.628834 -122.371316
47.555651 -122.357051
47.638731 -122.375001
47.596676 -122.32637
47.555651 -122.357051
47.539419 -122.390816
47.719524 -122.328968
47.559047 -122.31292
47.614705 -122.344794
47.574386 -122.333993
47.531688 -122.373923
47.602172 -122.330863
47.636558 -122.350259
47.718744 -122.323515
47.520934 -122.378105
47.638323 -122.376934
47.607121 -122.335154
47.609983 -122.338006
47.622498 -122.355421
47.694084 -122.327071
47.617855 -122.326761
47.60975 -122.337793
47.611074 -122.340638
47.567947 -122.393457
47.617736 -122.326254
47.67834 -122.32895
47.684767 -122.344056
47.557433 -122.376246
47.607266 -122.332451
47.646873 -122.335169
47.730148 -122.296206
47.522689 -122.350623
47.655998 -122.31426
47.668662 -122.37076
47.615219 -122.325529
47.618497 -122.327854
47.66313 -122.307217
47.619078 -122.322193
47.612716 -122.345399
47.612291 -122.318071
47.609578 -122.318058
47.620814 -122.332852
47.557297 -122.394951
47.61409 -122.337592
47.710852 -122.355496
47.613704 -122.33691
47.502701 -122.376293
47.624274 -122.331058
47.610387 -122.341198
47.611169 -122.32076
47.527873 -122.293297
47.571286 -122.322927
47.614243 -122.328092
47.578887 -122.387944
47.661711 -122.313123
47.728508 -122.306076
47.614243 -122.328092
47.710657 -122.355495
47.640038 -122.287928
47.605911 -122.340413
47.624564 -122.348877
47.708602 -122.324588
47.617379 -122.34693
47.588027 -122.386277
47.623769 -122.295755
47.615789 -122.336507
47.616998 -122.352642
47.569732 -122.290646
47.624274 -122.331058
47.582838 -122.386485
47.545993 -122.280277
47.608756 -122.336885
47.694641 -122.383959
47.61564 -122.334476
47.673813 -122.371498
47.611547 -122.319492
47.618483 -122.324005
47.661381 -122.332452
47.522802 -122.345739
47.719414 -122.312679
47.722899 -122.293194
47.668015 -122.383712
47.575082 -122.298266
47.617563 -122.322168
47.703738 -122.355439
47.704359 -122.355445
47.663106 -122.315263
47.732881 -122.296531
47.626281 -122.334008
47.723212 -122.344977
47.55183 -122.288224
47.719572 -122.344937
47.574814 -122.382519
47.599201 -122.331578
47.676906 -122.352521
47.533686 -122.353915
47.627367 -122.337108
47.602114 -122.330809
47.690653 -122.366497
47.661321 -122.307244
47.709397 -122.309982
47.64203 -122.324675
47.588414 -122.309467
47.729741 -122.343698
47.611014 -122.328208
47.687045 -122.3553
47.620976 -122.33716
47.54586 -122.275769
47.610964 -122.340452
47.618693 -122.334256
47.675892 -122.31086
47.610972 -122.340465
47.51736 -122.355453
47.586924 -122.312238
47.684756 -122.264472
47.669446 -122.378884
47.617762 -122.333957
47.615789 -122.336507
47.637703 -122.376145
47.606337 -122.334672
47.547019 -122.370817
47.689836 -122.357355
47.599912 -122.331574
47.635169 -122.300604
47.548079 -122.259946
47.52885 -122.322876
47.548443 -122.391207
47.595668 -122.322463
47.652148 -122.387582
47.604991 -122.333174
47.540683 -122.286131
47.553321 -122.362969
47.721819 -122.366364
47.599189 -122.317223
47.641056 -122.277066
47.618047 -122.32675
47.664901 -122.313074
47.686689 -122.313357
47.531543 -122.283257
47.617356 -122.345312
47.698076 -122.374107
47.599968 -122.328965
47.732589 -122.347783
47.600843 -122.330271
47.611173 -122.344772
47.599195 -122.327667
47.499813 -122.259557
47.625583 -122.31806
47.613253 -122.342339
47.603448 -122.336632
47.614066 -122.322111
47.701172 -122.302552
47.66789 -122.373589
47.601311 -122.33161
47.625353 -122.31781
47.52412 -122.264611
47.561944 -122.380504
47.677645 -122.29168
47.689645 -122.317603
47.648786 -122.344397
47.512104 -122.388568
47.617774 -122.33412
47.544329 -122.373764
47.584374 -122.306856
47.52101 -122.269997
47.551883 -122.268776
47.699872 -122.324247
47.610743 -122.338702
47.641363 -122.370072
47.641363 -122.370072
47.536696 -122.270213
47.726864 -122.348012
47.572153 -122.408365
47.60975 -122.337793
47.624593 -122.359508
47.601716 -122.330265
47.544669 -122.373777
47.642194 -122.398309
47.601311 -122.33161
47.582978 -122.301682
47.67769 -122.320387
47.615598 -122.337861
47.563647 -122.28495
47.613273 -122.322098
47.615226 -122.32213
47.675893 -122.324401
47.616443 -122.310151
47.54887 -122.354833
47.655988 -122.313268
47.571629 -122.313408
47.61393 -122.327805
47.637416 -122.355598
47.66746 -122.399718
47.717995 -122.295993
47.636808 -122.374993
47.623277 -122.35672
47.713747 -122.344837
47.567516 -122.363295
47.546057 -122.38574
47.61996 -122.313736
47.661259 -122.309512
47.613308 -122.342432
47.611225 -122.342877
47.616385 -122.335736
47.607817 -122.331423
47.537954 -122.361092
47.560473 -122.286799
47.496513 -122.26055
47.60171 -122.326351
47.610678 -122.335574
47.58048 -122.407039
47.54579 -122.320585
47.59365 -122.334194
47.609125 -122.340291
47.61015 -122.333556
47.617356 -122.345312
47.66167 -122.319564
47.721971 -122.328935
47.690659 -122.371427
47.57067 -122.409508
47.636813 -122.351954
47.646823 -122.400926
47.603622 -122.332188
47.644982 -122.412119
47.610155 -122.333545
47.686689 -122.313357
47.630738 -122.342295
47.55451 -122.309861
47.726864 -122.348012
47.56552 -122.28964
47.647777 -122.358639
47.694213 -122.353969
47.54586 -122.275769
47.600044 -122.334219
47.620487 -122.30735
47.620487 -122.30735
47.52869 -122.268867
47.614094 -122.318141
47.6069 -122.329051
47.663353 -122.313098
47.659834 -122.31978
47.612626 -122.341277
47.658968 -122.324071
47.629228 -122.286819
47.723624 -122.320836
47.719638 -122.355539
47.60252 -122.329645
47.719885 -122.35554
47.675722 -122.263545
47.595874 -122.31153
47.628862 -122.342312
47.668627 -122.384433
47.55411 -122.316134
47.704187 -122.323161
47.580994 -122.300167
47.629741 -122.279933
47.601202 -122.331511
47.600843 -122.330271
47.580312 -122.395328
47.723218 -122.348195
47.545614 -122.329588
47.672462 -122.293252
47.6002 -122.330547
47.721329 -122.296339
47.715526 -122.288892
47.67092 -122.390142
47.612665 -122.337394
47.562874 -122.384135
47.51653 -122.283715
47.719347 -122.300436
47.708935 -122.320569
47.525419 -122.314927
47.625494 -122.30866
47.577526 -122.297522
47.535261 -122.314829
47.602985 -122.328535
47.562874 -122.384135
47.587083 -122.378114
47.595541 -122.298643
47.703624 -122.333909
47.681388 -122.290432
47.641108 -122.34959
47.551689 -122.317047
47.615086 -122.335521
47.534004 -122.328134
47.688756 -122.372759
47.622498 -122.355421
47.661385 -122.343048
47.659793 -122.312994
47.615796 -122.334741
47.617173 -122.333103
47.678758 -122.324989
47.553413 -122.332014
47.6002 -122.330547
47.519457 -122.273461
47.612716 -122.345399
47.614066 -122.322111
47.602172 -122.330863
47.56433 -122.293588
47.612578 -122.341197
47.5261 -122.276935
47.671645 -122.387793
47.551164 -122.275141
47.603982 -122.335586
47.585961 -122.334198
47.605873 -122.335782
47.6002 -122.330547
47.610972 -122.340465
47.639577 -122.344153
47.66789 -122.373589
47.705096 -122.344695
47.612606 -122.345213
47.666762 -122.313046
47.616513 -122.323439
47.604841 -122.324097
47.611479 -122.327097
47.611109 -122.327981
47.650847 -122.36493
47.60739 -122.332564
47.607817 -122.331423
47.528028 -122.376637
47.663215 -122.315262
47.689112 -122.360846
47.567085 -122.28612
47.571408 -122.291001
47.708602 -122.324588
47.549641 -122.312322
47.605223 -122.320558
47.717708 -122.297948
47.531457 -122.26999
47.549748 -122.286273
47.685423 -122.33623
47.690602 -122.356533
47.650346 -122.373587
47.617316 -122.347229
47.544343 -122.372624
47.612136 -122.335373
47.504897 -122.269994
47.732314 -122.350236
47.712167 -122.312433
47.646819 -122.383349
47.565423 -122.372112
47.557413 -122.339111
47.520453 -122.336003
47.676262 -122.385355
47.601683 -122.311556
47.628026 -122.345213
47.608073 -122.320755
47.667968 -122.387638
47.588414 -122.309467
47.644102 -122.360902
47.618086 -122.304159
47.728746 -122.306078
47.612404 -122.284937
47.615086 -122.335521
47.520669 -122.335821
47.606088 -122.332909
47.694685 -122.304537
47.665869 -122.355408
47.663106 -122.315263
47.719638 -122.355539
47.656233 -122.315363
47.627192 -122.356823
47.679714 -122.360468
47.618497 -122.327854
47.65532 -122.307891
47.672818 -122.40635
47.612626 -122.341277
47.599189 -122.317223
47.553321 -122.362969
47.605839 -122.331146
47.597929 -122.299923
47.599189 -122.317223
47.68073 -122.360464
47.660871 -122.284752
47.606868 -122.302774
47.6002 -122.330547
47.615825 -122.338753
47.599189 -122.32375
47.578632 -122.313127
47.636475 -122.34006
47.526216 -122.360471
47.625319 -122.322381
47.550408 -122.273656
47.648458 -122.381982
47.720887 -122.312672
47.661318 -122.320611
47.605405 -122.318109
47.602272 -122.327883
47.651358 -122.394472
47.58104 -122.321397
47.684756 -122.264472
47.521033 -122.36873
47.619219 -122.326346
47.553512 -122.362966
47.548953 -122.302251
47.705421 -122.351429
47.658005 -122.270213
47.60739 -122.332564
47.599206 -122.334781
47.658005 -122.270213
47.508205 -122.256518
47.531582 -122.26999
47.517363 -122.365913
47.610743 -122.338702
47.649694 -122.344342
47.708602 -122.324588
47.558573 -122.301168
47.608621 -122.320756
47.51946 -122.274226
47.605147 -122.30279
47.517303 -122.345423
47.723218 -122.348195
47.552459 -122.323902
47.676136 -122.290283
47.656247 -122.323497
47.702503 -122.363849
47.569887 -122.394773
47.6002 -122.330547
47.67777 -122.36602
47.661386 -122.338313
47.701442 -122.286629
47.668662 -122.370893
47.603698 -122.329187
47.674156 -122.345591
47.538315 -122.334445
47.600044 -122.334219
47.606088 -122.332909
47.65635 -122.323496
47.547875 -122.373614
47.605227 -122.320749
47.522865 -122.357796
47.607742 -122.326595
47.523311 -122.275808
47.509965 -122.283363
47.547875 -122.373614
47.683176 -122.322903
47.694179 -122.343342
47.519853 -122.268364
47.509965 -122.283363
47.667498 -122.392835
47.717348 -122.286888
47.521647 -122.269995
47.546018 -122.283107
47.682107 -122.26209
47.633891 -122.280817
47.682772 -122.344484
47.539419 -122.390816
47.668015 -122.383712
47.562696 -122.385455
47.669446 -122.37945
47.623277 -122.35672
47.599189 -122.317223
47.610743 -122.338702
47.539419 -122.390816
47.5548 -122.265482
47.680942 -122.357418
47.61055 -122.329318
47.520669 -122.335821
47.514932 -122.395359
47.679461 -122.322756
47.588375 -122.302594
47.5563 -122.271559
47.708602 -122.324588
47.579157 -122.298767
47.610044 -122.338062
47.521047 -122.371549
47.704187 -122.323161
47.616976 -122.330383
47.657942 -122.317791
47.715969 -122.353912
47.596603 -122.327679
47.606088 -122.332909
47.564112 -122.286056
47.601693 -122.316763
47.599197 -122.328968
47.595579 -122.290278
47.599201 -122.331569
47.526754 -122.392756
47.607828 -122.339105
47.66707 -122.301946
47.717124 -122.334133
47.612578 -122.341197
47.606628 -122.312857
47.605147 -122.30279
47.601674 -122.306165
47.519946 -122.26278
47.690538 -122.341296
47.512968 -122.259393
47.627173 -122.342327
47.661319 -122.320728
47.555943 -122.354791
47.648652 -122.400919
47.581195 -122.386546
47.614088 -122.32682
47.732315 -122.354166
47.614048 -122.349635
47.526476 -122.369987
47.561138 -122.388131
47.719264 -122.292573
47.554905 -122.330915
47.617131 -122.348898
47.694161 -122.340261
47.601667 -122.302339
47.559276 -122.362896
47.612294 -122.338732
47.610308 -122.336769
47.531584 -122.268781
47.615283 -122.337837
47.637416 -122.355598
47.526481 -122.328199
47.515134 -122.256097
47.613011 -122.326948
47.520453 -122.336003
47.652335 -122.392884
47.601559 -122.33418
47.6002 -122.330547
47.611207 -122.337592
47.719414 -122.312679
47.614106 -122.310161
47.610387 -122.341198
47.66746 -122.399718
47.617173 -122.333103
47.594035 -122.333269
47.621991 -122.323956
47.577307 -122.390755
47.669464 -122.393562
47.561926 -122.376204
47.533577 -122.282376
47.639577 -122.344153
47.700539 -122.349838
47.600843 -122.330271
47.667357 -122.265897
47.613053 -122.3299
47.626721 -122.35812
47.684734 -122.363748
47.606302 -122.330039
47.567245 -122.297018
47.563954 -122.294845
47.584234 -122.299024
47.685494 -122.346804
47.705934 -122.33259
47.675317 -122.347678
47.731129 -122.345064
47.615231 -122.323415
47.675775 -122.302579
47.575923 -122.294008
47.600816 -122.335963
47.663106 -122.315263
47.626281 -122.334008
47.73104 -122.347764
47.659781 -122.312032
47.668667 -122.376214
47.618497 -122.327854
47.730587 -122.312704
47.616576 -122.32449
47.613467 -122.344685
47.568014 -122.293914
47.609125 -122.340291
47.597968 -122.331585
47.52468 -122.366071
47.583977 -122.329054
47.588229 -122.334197
47.610423 -122.341152
47.609226 -122.316576
47.605624 -122.334019
47.605624 -122.334019
47.597968 -122.331585
47.629602 -122.364643
47.52469 -122.361848
47.56768 -122.290283
47.5901 -122.29241
47.678758 -122.324989
47.550459 -122.329577
47.581893 -122.329055
47.683216 -122.380001
47.632345 -122.369048
47.661385 -122.343048
47.675783 -122.31193
47.620946 -122.358045
47.581893 -122.329055
47.710828 -122.355496
47.60975 -122.337793
47.621262 -122.320895
47.612502 -122.343053
47.612606 -122.345213
47.579891 -122.295179
47.610972 -122.340465
47.72838 -122.292253
47.599189 -122.317223
47.59616 -122.287693
47.611207 -122.337592
47.534865 -122.330752
47.624569 -122.350928
47.615789 -122.336507
47.685006 -122.383248
47.666433 -122.376407
47.579788 -122.325977
47.727334 -122.358916
47.679533 -122.376283
47.543988 -122.373771
47.639557 -122.398337
47.62767 -122.366068
47.600883 -122.334182
47.647264 -122.407684
47.613466 -122.328913
47.602985 -122.328535
47.595351 -122.301169
47.618721 -122.343734
47.567948 -122.289244
47.599281 -122.302233
47.661319 -122.320728
47.538889 -122.393088
47.623398 -122.333002
47.620954 -122.307342
47.620029 -122.315621
47.706842 -122.332736
47.671645 -122.387587
47.69168 -122.352423
47.701432 -122.290717
47.694186 -122.344565
47.600782 -122.335947
47.571963 -122.393418
47.581195 -122.386546
47.597406 -122.317228
47.73104 -122.347764
47.537035 -122.28468
47.690501 -122.33644
47.611694 -122.324223
47.680051 -122.323292
47.511045 -122.246368
47.624569 -122.350928
47.605126 -122.330494
47.527314 -122.322583
47.556559 -122.288903
47.612472 -122.328005
47.677668 -122.354678
47.611729 -122.296223
47.550883 -122.296605
47.637796 -122.368989
47.666481 -122.284803
47.548913 -122.326164
47.612643 -122.343292
47.62652 -122.315823
47.656344 -122.319795
47.602172 -122.330863
47.708899 -122.320568
47.614953 -122.335295
47.580999 -122.309459
47.523307 -122.269986
47.608544 -122.34052
47.712299 -122.309756
47.573658 -122.32906
47.622242 -122.332995
47.61522 -122.325421
47.538884 -122.282179
47.511855 -122.375023
47.618801 -122.311432
47.611553 -122.311479
47.623857 -122.310008
47.568347 -122.363283
47.571499 -122.290999
47.614544 -122.302669
47.62646 -122.34494
47.6002 -122.330547
47.55903 -122.386839
47.676021 -122.406368
47.680986 -122.357418
47.70593 -122.332098
47.652299 -122.306185
47.577768 -122.310806
47.610743 -122.338702
47.709488 -122.323301
47.600854 -122.326354
47.547183 -122.296886
47.607026 -122.28944
47.708611 -122.325955
47.567243 -122.313462
47.658298 -122.317782
47.643186 -122.323416
47.538958 -122.296081
47.523922 -122.325003
47.553321 -122.362969
47.571408 -122.291001
47.544499 -122.376449
47.636938 -122.344127
47.572016 -122.386765
47.536696 -122.270213
47.567243 -122.313462
47.521244 -122.336301
47.61682 -122.307201
47.732314 -122.350236
47.696833 -122.29877
47.675776 -122.303813
47.716784 -122.344888
47.618566 -122.346316
47.674992 -122.320055
47.607834 -122.319302
47.651358 -122.394472
47.539021 -122.369264
47.618002 -122.329183
47.624367 -122.319888
47.65423 -122.381188
47.663074 -122.305164
47.58437 -122.302772
47.633591 -122.279914
47.612958 -122.337873
47.52281 -122.346727
47.596676 -122.32637
47.599189 -122.317223
47.553399 -122.329551
47.615384 -122.347925
47.690708 -122.327025
47.52281 -122.346727
47.734128 -122.345097
47.609343 -122.325128
47.612665 -122.337394
47.623243 -122.347583
47.60252 -122.329645
47.60183 -122.335534
47.576994 -122.386713
47.661795 -122.298525
47.690681 -122.344523
47.6002 -122.330547
47.556785 -122.286143
47.72838 -122.292253
47.601683 -122.311556
47.606444 -122.325563
47.688709 -122.336422
47.532146 -122.359092
47.663383 -122.313097
47.669446 -122.37945
47.619724 -122.343482
47.69681 -122.327101
47.61761 -122.331859
47.651349 -122.349934
47.697867 -122.367016
47.610321 -122.341385
47.663106 -122.315263
47.679461 -122.322756
47.588475 -122.313781
47.6069 -122.329051
47.698678 -122.33505
47.626221 -122.329198
47.704352 -122.352197
47.617777 -122.310139
47.632314 -122.392086
47.622113 -122.358035
47.698722 -122.34715
47.557041 -122.28463
47.612626 -122.341277
47.692456 -122.378956
47.610972 -122.340465
47.518178 -122.367277
47.610252 -122.336592
47.588414 -122.309467
47.616789 -122.338
47.527945 -122.390212
47.72503 -122.334811
47.663414 -122.313097
47.6171 -122.350827
47.701571 -122.371414
47.520669 -122.335821
47.723218 -122.348195
47.664884 -122.310756
47.611809 -122.284655
47.545393 -122.33447
47.612398 -122.340892
47.501319 -122.270218
47.614027 -122.347754
47.579471 -122.312377
47.61762 -122.310139
47.626221 -122.329198
47.712305 -122.339596
47.611243 -122.334557
47.690501 -122.33644
47.612578 -122.341197
47.690501 -122.33644
47.670193 -122.393337
47.723218 -122.348195
47.612626 -122.341277
47.60368 -122.318103
47.646922 -122.322103
47.58821 -122.302598
47.594415 -122.320962
47.606444 -122.325563
47.64959 -122.349747
47.699447 -122.366044
47.69061 -122.357968
47.708602 -122.324588
47.618733 -122.322187
47.607661 -122.322073
47.582498 -122.377803
47.601689 -122.314149
47.699573 -122.276505
47.511343 -122.257056
47.61409 -122.325331
47.599197 -122.328968
47.617714 -122.334018
47.692792 -122.360889
47.589841 -122.337638
47.618439 -122.343663
47.632258 -122.324055
47.623539 -122.35933
47.601647 -122.330113
47.689677 -122.322819
47.665337 -122.300716
47.602348 -122.337148
47.594492 -122.304972
47.709488 -122.323301
47.528085 -122.345482
47.714637 -122.278889
47.670418 -122.293851
47.671794 -122.354387
47.613326 -122.344446
47.659793 -122.312994
47.617351 -122.327871
47.607017 -122.330689
47.599195 -122.327667
47.654846 -122.336268
47.610387 -122.341198
47.625877 -122.324279
47.5567 -122.361677
47.709581 -122.323304
47.581913 -122.300869
47.517363 -122.365913
47.548376 -122.261276
47.540683 -122.286131
47.537035 -122.28468
47.617852 -122.334251
47.606122 -122.337544
47.533344 -122.359207
47.663521 -122.318394
47.664884 -122.310802
47.606371 -122.325496
47.701209 -122.285379
47.677744 -122.389724
47.555651 -122.357051
47.669323 -122.320347
47.53374 -122.347059
47.609285 -122.338904
47.730151 -122.29651
47.669196 -122.355378
47.521595 -122.264225
47.568767 -122.370751
47.601839 -122.334179
47.602172 -122.330863
47.526476 -122.369987
47.618002 -122.329183
47.701442 -122.286629
47.698581 -122.371409
47.620163 -122.293478
47.733952 -122.312749
47.617405 -122.323445
47.656233 -122.315363
47.618002 -122.329183
47.661451 -122.317558
47.532829 -122.382243
47.612814 -122.351186
47.613936 -122.343494
47.610003 -122.338025
47.55945 -122.283142
47.618578 -122.349485
47.60916 -122.33264
47.599185 -122.319078
47.589841 -122.337638
47.719894 -122.305921
47.624794 -122.361933
47.657819 -122.350001
47.67834 -122.32895
47.648964 -122.364843
47.606268 -122.337677
47.610986 -122.32356
47.657819 -122.350001
47.677828 -122.262163
47.659338 -122.350017
47.526448 -122.317326
47.599189 -122.32375
47.606628 -122.312857
47.708705 -122.301263
47.685366 -122.315017
47.685213 -122.38108
47.561106 -122.386778
47.602172 -122.330863
47.686905 -122.371615
47.60171 -122.326351
47.564303 -122.372947
47.720157 -122.292729
47.600875 -122.318874
47.570987 -122.288836
47.549959 -122.363012
47.683468 -122.318588
47.562472 -122.385455
47.695569 -122.401415
47.538882 -122.284099
47.708414 -122.299074
47.602985 -122.328535
47.663446 -122.315258
47.601745 -122.295987
47.52468 -122.366071
47.570317 -122.397614
47.618543 -122.312742
47.640257 -122.301614
47.732409 -122.292388
47.618907 -122.320857
47.689833 -122.363349
47.582932 -122.299038
47.641301 -122.396983
47.623623 -122.338443
47.725204 -122.344999
47.71972 -122.363667
47.662718 -122.328958
47.636973 -122.290861
47.566538 -122.36331
47.526441 -122.31491
47.536696 -122.270213
47.701482 -122.344652
47.561081 -122.378956
47.540683 -122.286131
47.601758 -122.334179
47.606165 -122.304764
47.594585 -122.311879
47.668015 -122.383712
47.610762 -122.347609
47.594356 -122.310367
47.546658 -122.373265
47.613167 -122.342193
47.6789 -122.262228
47.600194 -122.330541
47.661385 -122.344559
47.607817 -122.331423
47.546098 -122.365628
47.583656 -122.302199
47.732151 -122.315418
47.533703 -122.365816
47.582711 -122.38649
47.617965 -122.336412
47.568347 -122.363532
47.661386 -122.338313
47.641436 -122.355413
47.6126 -122.334262
47.571233 -122.291003
47.577176 -122.319669
47.69769 -122.323085
47.518178 -122.367277
47.672859 -122.406356
47.607979 -122.333104
47.611511 -122.32076
47.714518 -122.312507
47.699101 -122.376784
47.606088 -122.332909
47.618002 -122.329183
47.602172 -122.330863
47.610193 -122.342138
47.690546 -122.342373
47.65745 -122.322155
47.564727 -122.387049
47.599173 -122.297417
47.725666 -122.339599
47.6069 -122.329051
47.550079 -122.387097
47.599195 -122.327667
47.519867 -122.268995
47.661386 -122.336045
47.553321 -122.362969
47.651087 -122.353046
47.526465 -122.322916
47.562866 -122.386775
47.719709 -122.294979
47.588027 -122.386277
47.603019 -122.333172
47.565871 -122.296451
47.620499 -122.311384
47.596462 -122.297497
47.667901 -122.327665
47.596499 -122.322456
47.623597 -122.356717
47.60534 -122.327624
47.598338 -122.317228
47.61585 -122.336428
47.513317 -122.263836
47.535914 -122.270031
47.678556 -122.326837
47.645123 -122.400944
47.584234 -122.299024
47.55144 -122.325073
47.625417 -122.346069
47.603913 -122.321599
47.606165 -122.304764
47.53912 -122.354992
47.609902 -122.323791
47.609902 -122.323791
47.555651 -122.357051
47.628576 -122.286799
47.701756 -122.335022
47.707073 -122.342039
47.656523 -122.306699
47.644371 -122.346913
47.571115 -122.28993
47.604615 -122.32228
47.656153 -122.326814
47.564153 -122.289202
47.544577 -122.395207
47.568278 -122.403856
47.618554 -122.343368
47.603484 -122.332062
47.602085 -122.330783
47.525419 -122.314927
47.599275 -122.303285
47.588414 -122.309467
47.615007 -122.337781
47.643324 -122.325887
47.608444 -122.331995
47.614798 -122.348918
47.708899 -122.320568
47.52828 -122.365857
47.614798 -122.348918
47.607364 -122.340216
47.685398 -122.371439
47.629521 -122.329875
47.661349 -122.326157
47.724989 -122.294598
47.721213 -122.296338
47.52644 -122.314696
47.723166 -122.328918
47.635999 -122.302272
47.571552 -122.314782
47.6002 -122.330547
47.552107 -122.316869
47.65257 -122.316563
47.666433 -122.376409
47.659793 -122.312994
47.606444 -122.325563
47.568347 -122.363283
47.648513 -122.383358
47.70318 -122.328526
47.564271 -122.377449
47.633728 -122.281063
47.602165 -122.330856
47.64128 -122.368941
47.541205 -122.360955
47.597517 -122.327675
47.70314 -122.323148
47.532992 -122.322806
47.686214 -122.3391
47.602172 -122.330863
47.54247 -122.264127
47.594244 -122.310281
47.582827 -122.387802
47.721577 -122.356883
47.606528 -122.336381
47.538432 -122.387439
47.629478 -122.306018
47.612963 -122.320762
47.537643 -122.270209
47.61874 -122.320854
47.61874 -122.320854
47.65752 -122.321184
47.609833 -122.340877
47.610387 -122.341198
47.615007 -122.337781
47.721577 -122.356883
47.588437 -122.315855
47.605911 -122.340413
47.638383 -122.327112
47.636558 -122.350259
47.661695 -122.308374
47.560797 -122.386787
47.615257 -122.291262
47.620648 -122.307347
47.668675 -122.381731
47.601722 -122.334179
47.626322 -122.348863
47.61842 -122.30365
47.613271 -122.344353
47.552652 -122.276444
47.60641 -122.334739
47.730749 -122.328874
47.613271 -122.344353
47.618027 -122.340494
47.602769 -122.331409
47.615235 -122.320799
47.60705 -122.335324
47.61404 -122.345653
47.613037 -122.326981
47.52331 -122.274242
47.620814 -122.332852
47.626721 -122.35812
47.697811 -122.328455
47.607945 -122.328471
47.610743 -122.338702
47.613936 -122.343494
47.602114 -122.330809
47.572919 -122.294006
47.661394 -122.320728
47.604413 -122.329842
47.606176 -122.302777
47.706245 -122.330019
47.610743 -122.338702
47.613308 -122.342432
47.623539 -122.35933
47.647264 -122.407684
47.660003 -122.313163
47.620035 -122.343513
47.544499 -122.376449
47.692238 -122.325159
47.613308 -122.342432
47.577724 -122.323668
47.654146 -122.360063
47.53682 -122.378468
47.654311 -122.332892
47.623481 -122.358024
47.517354 -122.354035
47.564163 -122.29352
47.722972 -122.294598
47.648964 -122.364843
47.715926 -122.311528
47.657318 -122.313233
47.609983 -122.338006
47.577726 -122.329058
47.521244 -122.336301
47.605911 -122.340413
47.563889 -122.2828
47.666443 -122.314187
47.56268 -122.289906
47.621988 -122.320906
47.614076 -122.32078
47.602744 -122.322184
47.610423 -122.341152
47.513395 -122.381823
47.649565 -122.364838
47.548625 -122.373683
47.611207 -122.337592
47.614076 -122.32078
47.632252 -122.375652
47.706119 -122.332607
47.616446 -122.311456
47.717866 -122.344907
47.618508 -122.331395
47.520669 -122.335821
47.678165 -122.322737
47.718247 -122.355533
47.60975 -122.337793
47.721988 -122.331001
47.626221 -122.329198
47.557467 -122.362919
47.675775 -122.302579
47.687666 -122.3553
47.561944 -122.380504
47.609285 -122.338904
47.705093 -122.356781
47.690681 -122.344523
47.661299 -122.317638
47.603237 -122.337944
47.698543 -122.314699
47.723281 -122.334184
47.612398 -122.340892
47.561146 -122.390836
47.561146 -122.390836
47.531721 -122.369886
47.725278 -122.358249
47.663587 -122.335159
47.615317 -122.33988
47.600873 -122.332877
47.603517 -122.318103
47.548041 -122.37206
47.71749 -122.293977
47.704645 -122.329446
47.612708 -122.337292
47.624286 -122.326599
47.599186 -122.322445
47.623277 -122.35672
47.553312 -122.362969
47.551842 -122.27803
47.530862 -122.280779
47.613167 -122.342193
47.687149 -122.383257
47.611207 -122.337592
47.618002 -122.329183
47.68038 -122.347262
47.68038 -122.347262
47.57922 -122.298814
47.621987 -122.320766
47.623277 -122.35672
47.559272 -122.38887
47.601875 -122.314169
47.553312 -122.362969
47.515841 -122.26808
47.633033 -122.394259
47.538872 -122.284744
47.529595 -122.288087
47.622143 -122.324025
47.606158 -122.337577
47.719885 -122.35554
47.672977 -122.393765
47.57931 -122.386621
47.654846 -122.336268
47.630633 -122.327609
47.656225 -122.314395
47.625175 -122.291038
47.614535 -122.34054
47.558656 -122.285443
47.559059 -122.285682
47.686741 -122.398314
47.613167 -122.342193
47.687045 -122.3553
47.702577 -122.328518
47.551159 -122.274137
47.726864 -122.348012
47.573366 -122.283286
47.66747 -122.399906
47.690569 -122.397058
47.690778 -122.33807
47.607218 -122.320752
47.619917 -122.319539
47.683177 -122.29969
47.681705 -122.2887
47.613375 -122.346513
47.60975 -122.337793
47.613375 -122.346513
47.602677 -122.310182
47.617173 -122.333103
47.709352 -122.317864
47.663092 -122.313102
47.612699 -122.334024
47.615384 -122.347925
47.661369 -122.33015
47.661238 -122.297259
47.613355 -122.342512
47.588437 -122.315855
47.561926 -122.376204
47.540898 -122.297557
47.601672 -122.305031
47.692788 -122.299842
47.622727 -122.328659
47.564617 -122.329378
47.718064 -122.344911
47.602382 -122.332338
47.602804 -122.336044
47.610085 -122.293803
47.652744 -122.305638
47.606687 -122.31155
47.733829 -122.30194
47.707651 -122.317839
47.616699 -122.325548
47.613528 -122.332042
47.600871 -122.326354
47.597517 -122.327675
47.708935 -122.320569
47.623385 -122.320928
47.592631 -122.297764
