40.773734 -73.9640111
40.7048554 -73.7916543
40.8096398 -73.9478407
40.7011005 -73.8415623
40.8659249 -73.8859361
40.8953411 -73.8552673
40.7459785 -73.9480673
40.7832418 -73.9745391
40.8476622 -73.8305252
40.6932048 -73.95399
40.6571095 -73.9133422
40.6983117 -73.9255647
40.7092244 -73.843148
40.6487691 -73.9528206
40.6219409 -73.917516
40.7171751 -74.0128675
40.7297989 -73.9748013
40.8392323 -73.9455442
40.7149449 -73.8336835
40.6607702 -73.9197423
40.6521655 -74.0099287
40.7301223 -73.989468
40.713399 -73.9564037
40.7016602 -73.9100384
40.6279697 -73.9711975
40.6649302 -73.9143918
40.5965076 -73.9775054
40.6327199 -73.8913715
40.6080625 -73.9382957
40.7411358 -73.935235
40.7608228 -73.9983142
40.7599966 -73.7821904
40.7250114 -73.7220434
40.6386507 -73.956838
40.8206037 -73.9101233
40.882837 -73.8880046
40.6481412 -73.90166
40.6541334 -73.9123297
40.8478707 -73.9364034
40.73539 -73.9982752
40.8396059 -73.9181388
40.6082027 -73.9207095
40.7546882 -73.9953547
40.7699063 -73.9805625
40.6435221 -74.0761506
40.6922334 -73.9872996
40.6990271 -73.9162233
40.6108101 -74.1204783
40.8242083 -73.8587895
40.7605342 -73.7734423
40.6111443 -73.7484927
40.7754338 -73.9002192
40.7596199 -73.9619648
40.7567703 -73.9827104
40.6548405 -73.9596963
40.7207459 -73.9861577
40.7416914 -73.9237408
40.6895995 -73.8155478
40.646612 -74.0810911
40.7559505 -73.8816487
40.7642781 -73.9730158
40.5788242 -73.9862735
40.5856598 -73.8172822
40.8367938 -73.846678
40.5443478 -74.1605452
40.7768684 -73.9433783
40.7598833 -73.9367906
40.6243536 -74.0217943
40.8896286 -73.9114694
40.849804 -73.9203203
40.8446356 -73.887234
40.7806512 -73.9764177
40.7584678 -73.7764742
40.6226147 -73.986668
40.6958785 -73.8148633
40.7265898 -74.0109139
40.8847353 -73.8404411
40.6627909 -73.9988646
40.7495913 -74.0027863
40.7606005 -73.9643142
40.777095 -73.9821021
40.8994532 -73.8451444
40.7202914 -73.9572253
40.764651 -73.823484
40.6845131 -73.9093801
40.7019114 -73.936979
40.7015733 -73.9312919
40.6981895 -73.9618989
40.7425234 -73.949232
40.7014101 -73.8966477
40.8705843 -73.9026508
40.8627551 -73.9010787
40.7753675 -73.9096175
40.7558402 -73.8344766
40.6690036 -73.9183806
40.8626344 -73.836098
40.8029708 -73.9638616
40.7110065 -73.7296658
40.6807 -73.8446429
40.6768744 -73.9498444
40.7304466 -74.0043045
40.7130582 -73.9087858
40.7038568 -73.9185039
40.7488912 -74.0070233
40.6894707 -73.8651399
40.8651277 -73.8388648
40.7011029 -73.9392447
40.7418481 -73.7820802
40.6302913 -74.0889035
40.6847789 -73.9630711
40.6596509 -73.7738282
40.6354937 -74.0095587
40.7286048 -74.0053146
40.6732976 -74.008342
40.6998478 -73.9910308
40.6162948 -73.9298992
40.7347981 -73.8608048
40.6572088 -73.9002951
40.5789366 -73.9852115
40.6785033 -73.8213614
40.7472362 -73.9933594
40.7339784 -73.9866782
40.745287 -73.9887294
40.7176614 -74.0075359
40.8944371 -73.8480606
40.7573632 -73.9606703
40.5708906 -74.1479028
40.7472061 -73.9970984
40.7046731 -74.0081259
40.8535828 -73.9322265
40.7605342 -73.7734423
40.7591049 -73.7642425
40.6659931 -73.8638681
40.7477936 -73.9498452
40.8156907 -73.9582947
40.7129023 -73.906077
40.6521766 -73.928474
40.6049531 -73.9654237
40.7397106 -73.7752921
40.7578241 -73.8609985
40.6575333 -73.8979663
40.6827628 -73.9350069
40.7463915 -73.9776353
40.8962424 -73.8724104
40.6923019 -73.9618986
40.7132279 -73.8234254
40.6320672 -73.9186024
40.721473 -73.9838235
40.6202337 -73.9398154
40.7371433 -73.9885937
40.7319824 -73.9819663
40.7497328 -73.9360965
40.7668758 -73.979076
40.5964566 -73.7819533
40.6957834 -73.9170713
40.6641753 -73.9593447
40.7183032 -73.9873956
40.6257763 -74.0164884
40.768835 -73.8906224
40.6087258 -74.0883777
40.6294862 -74.022639
40.5915981 -73.9606815
40.7195725 -73.7539313
40.6922774 -73.9881866
40.7338001 -73.8148012
40.624051 -73.999946
40.7420199 -73.9265516
40.5666413 -74.1394099
40.6275094 -73.996347
40.710246 -73.9583896
40.7955403 -73.9480937
40.6898634 -73.9514645
40.798243 -73.9524618
40.7647919 -73.7223105
40.7142228 -73.738927
40.5371051 -74.1454787
40.7606005 -73.9643142
40.8381983 -73.9011767
40.7664517 -73.9084924
40.7176204 -74.0002742
40.6615408 -73.9827315
40.7560314 -73.9790253
40.7219679 -74.0082326
40.5795124 -73.8381031
40.7140668 -73.9516237
40.7619942 -73.9424705
40.7605353 -73.9583509
40.8286604 -73.8782347
40.720888 -73.9408681
40.7435691 -73.9923205
40.8432141 -73.838936
40.7195818 -73.7583289
40.8314212 -73.926424
40.702713 -73.9373173
40.7562659 -73.8235135
40.8441805 -73.9029171
40.6516894 -73.8887638
40.6893537 -73.9363202
40.7848926 -73.8457792
40.6556432 -73.9735535
40.8755885 -73.8940736
40.7484375 -73.9845604
40.7724043 -73.7949378
40.8338557 -73.8246339
40.7152854 -73.9514352
40.7851739 -73.9433171
40.8721155 -73.9162764
40.7525121 -73.8672645
40.6756436 -73.9416076
40.7250834 -73.9953279
40.5789953 -73.964908
40.7248803 -74.0026193
40.6691717 -73.9863054
40.6656265 -73.9096977
40.7257091 -73.9435697
40.7610935 -73.8268686
40.8050573 -73.9390342
40.6127578 -73.9609211
40.5564715 -74.1526283
40.8057295 -73.9385424
40.6147717 -73.9672844
40.7272901 -73.9936392
40.8468635 -73.9014132
40.7647319 -73.9663588
40.8644625 -73.9189434
40.6726033 -73.9933777
40.6318737 -73.9989804
40.6094167 -73.9676868
40.7527424 -73.975103
40.8510615 -73.8823217
40.7597301 -73.9916833
40.6871841 -73.9765914
40.8376059 -73.8345153
40.6335147 -74.0269494
40.7847575 -73.8494664
40.8538153 -73.9073312
40.729804 -73.7446569
40.7432104 -73.8226098
40.6763431 -73.910927
40.6140783 -74.0724576
40.7522807 -73.9896919
40.8371546 -73.9178491
40.6300111 -74.0817302
40.6276412 -73.996556
40.8105319 -73.9620549
40.6760949 -73.9499135
40.8209797 -73.8938751
40.7304639 -73.9514819
40.764071 -73.8091361
40.8357931 -73.9398878
40.7421414 -73.9870555
40.7865477 -73.9525532
40.6667907 -73.8583153
40.7025684 -73.9502507
40.7413501 -73.9813106
40.6994847 -73.9610326
40.7304639 -73.9514819
40.6915631 -73.9695221
40.7246918 -73.7540928
40.6568649 -73.9980898
40.5839003 -73.9387393
40.6780311 -73.8916726
40.7545092 -73.8271456
40.7161655 -73.744756
40.720627 -73.9592453
40.6432176 -74.0086986
40.8382017 -73.923706
40.6244735 -74.0066788
40.8172146 -73.9309449
40.6990136 -73.7957226
40.8229893 -73.8678032
40.8077723 -73.9454833
40.7390869 -73.9913755
40.7011967 -73.9140892
40.707243 -73.9659334
40.6114287 -74.1168345
40.7461402 -73.9417407
40.8110446 -73.8807198
40.7322478 -73.8939551
40.6405845 -73.9189307
40.6830308 -73.7822868
40.6758036 -73.8691513
40.6558844 -73.9423998
40.816554 -73.9195436
40.8043796 -73.9395225
40.6778349 -74.006165
40.6968646 -73.8153438
40.6224835 -73.9637216
40.8619443 -73.8937266
40.8360499 -73.8551252
40.709945 -74.0157914
40.6322506 -73.9517658
40.678723 -73.9529869
40.8012354 -73.9418153
40.7145932 -73.9387562
40.7521904 -73.9934636
40.6767928 -73.7379342
40.6082027 -73.9207095
40.6795864 -73.9650678
40.7010276 -73.9481168
40.6563027 -73.765824
40.6002988 -73.7583645
40.7534818 -73.9808885
40.8613524 -73.8977368
40.6640557 -73.9426955
40.6378336 -74.0819235
40.6625242 -73.8407023
40.793326 -73.9746147
40.7514416 -73.9760491
40.8029708 -73.9638616
40.7816842 -73.8459383
40.7110702 -73.7920281
40.7123032 -73.8550696
40.6795349 -73.9004708
40.7282123 -73.9493223
40.7483111 -73.7095345
40.6913201 -73.831413
40.645733 -74.0204175
40.5860252 -73.9510684
40.7276881 -73.7460468
40.546675 -74.2287651
40.6053581 -73.9617322
40.7315777 -73.9248348
40.7008278 -73.9331391
40.7332923 -73.9871799
40.8891934 -73.8312982
40.8030248 -73.936309
40.755207 -73.996654
40.8464062 -73.842886
40.6845131 -73.9093801
40.7665617 -73.9904225
40.5819581 -73.9599419
40.7378996 -73.714769
40.5754187 -74.0037509
40.6735712 -73.7335235
40.7087264 -73.7906539
40.6014776 -73.9930498
40.7235796 -73.9389103
40.626666 -73.947872
40.596021 -73.9286674
40.7699882 -73.9066752
40.7602226 -73.967462
40.6801176 -73.7532369
40.5676287 -74.1126115
40.6275797 -74.107806
40.8730592 -73.8786343
40.8266837 -73.9353903
40.6363601 -74.0851356
40.6758036 -73.8691513
40.7005823 -73.8077418
40.8442006 -73.9356515
40.717835 -73.9577247
40.7163639 -73.7438967
40.6154149 -73.9614346
40.7620732 -73.9186853
40.5789366 -73.9852115
40.6244501 -73.9680218
40.7596199 -73.9619648
40.8761724 -73.849028
40.7197399 -73.7329601
40.7654813 -73.9136994
40.5588868 -74.1976949
40.785805 -73.9726712
40.7073534 -73.9593941
40.7169671 -73.9944266
40.6320672 -73.9186024
40.719168 -73.9485319
40.7031716 -73.9326968
40.7606468 -73.766605
40.6811205 -73.9644216
40.8428097 -73.9420139
40.7516035 -73.9338317
40.6311828 -74.0929649
40.7598989 -73.9804246
40.5223655 -74.2167331
40.7156998 -73.7685553
40.7630088 -73.8753225
40.7257771 -73.9866041
40.8517991 -73.8328606
40.7526925 -73.9730457
40.7547481 -73.9878904
40.6060431 -73.9782909
40.6286428 -73.9201845
40.6371336 -74.0820235
40.7587064 -73.937918
40.8480924 -73.8562809
40.6327179 -73.9837621
40.7220121 -73.8534755
40.670658 -73.9579745
40.7504834 -73.7587979
40.6843828 -73.8232602
40.6650745 -73.9965685
40.5520008 -74.1678936
40.6485325 -73.9582623
40.7923473 -73.9525238
40.7007387 -73.9041899
40.6552496 -73.9529602
40.8005566 -73.940205
40.7091107 -73.7760445
40.6833771 -73.7604251
40.7205667 -73.8458956
40.8238479 -73.8968586
40.7038702 -73.8193783
40.8764759 -73.9044863
40.6592762 -73.8889963
40.7422957 -73.8101331
40.6152042 -73.9633618
40.6600305 -73.9217869
40.6565493 -74.002094
40.6989424 -73.8371676
40.7563391 -73.8779302
40.6915844 -73.7931815
40.6031484 -73.7471148
40.8100528 -73.9251435
40.6684838 -73.8557704
40.7038351 -73.8683749
40.7687079 -73.7288792
40.7539371 -73.8584476
40.7547072 -73.9916334
40.5355346 -74.1788681
40.8405056 -73.8433047
40.6721033 -73.7834436
40.8046692 -73.9321824
40.8027515 -73.933575
40.742814 -73.9886432
40.679561 -73.8988988
40.7045659 -73.9486658
40.7186686 -73.9634925
40.7407438 -73.9077844
40.6367364 -73.8983008
40.6937214 -73.9904546
40.8687708 -73.8317333
40.7468899 -73.8346973
40.7577266 -73.7792633
40.756487 -73.9400388
40.6785927 -73.8965352
40.7058783 -73.9128785
40.8466586 -73.8961762
40.8496424 -73.8965981
40.8055091 -73.9620072
40.6776584 -73.8983609
40.7077715 -74.0129631
40.6946757 -73.7322708
40.714262 -73.7771238
40.7195213 -73.9604328
40.5342669 -74.1539735
40.7025579 -73.9103257
40.7979885 -73.9619826
40.7221214 -74.0097695
40.7699819 -73.994646
40.8239498 -73.8607014
40.7225089 -73.8904206
40.8212629 -73.9460792
40.7634847 -73.9889465
40.7340942 -74.0084903
40.7526925 -73.9730457
40.6239626 -73.9724457
40.5935887 -73.942558
40.7164784 -73.9928214
40.6944406 -73.8151197
40.7055035 -73.7888498
40.7563242 -73.803596
40.7213624 -73.9455468
40.674396 -73.8965093
40.6818033 -73.9085148
40.7002144 -73.9463142
40.6010012 -73.9793801
40.6764454 -73.9276152
40.6109558 -74.1034068
40.6543385 -73.9470322
40.7653576 -73.9659
40.8529554 -73.8431525
40.8295019 -73.8746089
40.6819729 -73.7662999
40.6499287 -73.9331145
40.6321467 -73.9527315
40.6117805 -73.9695189
40.6650378 -73.8079488
40.599055 -74.0822216
40.761805 -73.7908733
40.8429388 -73.8953797
40.7194676 -74.0043723
40.7079079 -73.9108055
40.670403 -73.8562889
40.7225555 -74.0014034
40.7343395 -73.9102396
40.8630189 -73.8568705
40.6456635 -73.9748258
40.6804988 -73.821356
40.7652528 -73.9950868
40.7973092 -73.9344544
40.6372163 -74.0185197
40.8481201 -73.9308839
40.768023 -73.7884459
40.839295 -73.9392378
40.7110702 -73.7920281
40.7704335 -73.9601102
40.7533873 -73.996304
40.7016614 -73.9614533
40.6254928 -73.9585397
40.6941482 -73.9402644
40.690908 -73.9554123
40.6335834 -74.0079623
40.777544 -73.957008
40.7162466 -73.8418978
40.640569 -74.1179917
40.7775048 -73.9549463
40.7484685 -73.9924606
40.6404149 -74.0116096
40.6640557 -73.9426955
40.7176783 -73.8171259
40.7752631 -73.8187333
40.6596509 -73.7738282
40.6818583 -73.8467133
40.581062 -74.0007056
40.7874418 -73.9447705
40.6896003 -73.8059705
40.666396 -73.7517593
40.6725157 -73.9335533
40.6618805 -73.9455665
40.762025 -74.0011515
40.7122191 -73.7643218
40.6728582 -73.871302
40.6018098 -74.1205953
40.7015324 -73.8234023
40.8224573 -73.9269144
40.6193973 -73.9695659
40.8253967 -73.8832776
40.6869823 -73.7597018
40.7346601 -73.8648139
40.7453879 -73.7150364
40.7884794 -73.9511326
40.7849422 -73.9465889
40.7067007 -74.0160467
40.6090239 -73.9512316
40.8814978 -73.8826547
40.6292468 -74.0052995
40.8624442 -73.8971422
40.7322776 -73.8492638
40.5557147 -74.141298
40.7823164 -73.9485012
40.7165417 -73.9969843
40.7452931 -73.9984879
40.5958089 -73.9420303
40.8380581 -73.9466402
40.7698492 -73.9843135
40.6666958 -73.9616177
40.6541334 -73.9123297
40.6541418 -73.8873109
40.8409524 -73.879376
40.829502 -73.8880546
40.7447914 -73.9174217
40.8034264 -73.933083
40.6850987 -73.760729
40.7625895 -73.8046316
40.839178 -73.9411352
40.6717735 -73.9364055
40.6925318 -73.959843
40.6966251 -73.7848894
40.751081 -73.9868516
40.8378034 -73.9421411
40.760517 -73.9077931
40.877334 -73.8853163
40.7634847 -73.9889465
40.721276 -73.8167048
40.6808806 -73.9837107
40.6701181 -73.9224672
40.8278116 -73.9259293
40.7443199 -73.9007854
40.5983966 -74.124543
40.5167636 -74.2333923
40.6337635 -74.0852007
40.6543162 -73.9221576
40.6370137 -74.0151472
40.7819995 -73.8141038
40.85214 -73.9206971
40.6088089 -73.9241158
40.7872263 -73.9541633
40.7098022 -73.7802408
40.7098022 -73.7802408
40.7902945 -73.9693903
40.7630535 -73.8867296
40.6354759 -73.8915579
40.7596718 -73.9272468
40.6552468 -73.981796
40.8496872 -73.8586161
40.6585778 -73.8906229
40.6667525 -73.7799356
40.8948734 -73.8565596
40.6656729 -73.9960494
40.7247492 -73.9346196
40.6869042 -73.944623
40.7872263 -73.9541633
40.7442637 -73.876747
40.8386842 -73.9229754
40.8648086 -73.9193623
40.6466787 -73.9240187
40.6276764 -73.9890086
40.6685886 -73.8775501
40.8758744 -73.8498857
40.7703133 -73.8760236
40.7566785 -73.9208649
40.6390048 -73.9756391
40.7631141 -73.9625151
40.6151237 -73.9360561
40.7688057 -73.9523204
40.798471 -73.9690036
40.6320672 -73.9186024
40.6398578 -73.9280981
40.7454921 -73.9531743
40.6762527 -73.9530715
40.6781564 -73.9441507
40.7296315 -73.8555731
40.7293104 -73.9978857
40.6470487 -73.8954166
40.6919491 -73.7306662
40.7490533 -73.9957485
40.6369897 -73.9201421
40.6052108 -73.9976303
40.6915631 -73.9695221
40.7032933 -73.7960918
40.6576643 -73.8970434
40.6484415 -73.8824124
40.742378 -73.8818785
40.7590602 -73.9726136
40.6220225 -74.0056375
40.6210427 -73.9994921
40.7685553 -73.8104734
40.6236805 -73.9977125
40.7260105 -73.8986191
40.6685245 -73.8901668
40.8617006 -73.8913807
40.6366356 -74.008377
40.6856145 -73.7502563
40.6569454 -73.7687771
40.6332903 -73.9764338
40.6627814 -73.8808552
40.5798042 -73.9718339
40.8478395 -73.9395227
40.5958903 -74.0858762
40.6394354 -74.0054588
40.6586459 -73.9239294
40.7589494 -73.9684806
40.8617006 -73.8913807
40.6397751 -73.9194145
40.7780962 -73.9782926
40.5415536 -74.2098874
40.7482467 -73.9762885
40.6706879 -73.9170232
40.6306875 -73.9894621
40.7225499 -74.006299
40.806081 -73.9653084
40.7071524 -73.7929853
40.6382786 -74.0308895
40.7935573 -73.967016
40.6646429 -73.9370755
40.6709379 -73.7354338
40.6621848 -73.7464152
40.8241884 -73.91384
40.7098305 -73.7925117
40.763645 -73.9776872
40.7509045 -73.9806727
40.7203211 -73.9940403
40.6911938 -73.9977679
40.7237512 -73.7264753
40.6359825 -73.9741053
40.6982205 -73.94395
40.8129542 -73.9137137
40.6895877 -73.8642527
40.6756865 -73.9137759
40.7769346 -73.8471227
40.6339615 -74.0147538
40.8806238 -73.8404618
40.751191 -73.9020204
40.6302913 -74.0889035
40.6341692 -74.0207202
40.758306 -73.8556084
40.6913537 -73.9214112
40.657332 -73.9172704
40.9041401 -73.9050073
40.7146219 -73.9011579
40.6659563 -73.7579573
40.6784553 -73.9496774
40.7212231 -73.9830046
40.7077496 -73.9322954
40.8463591 -73.844621
40.6380327 -73.9925704
40.7679332 -73.87814
40.6951578 -73.8453953
40.6560853 -74.0058422
40.8338892 -73.8546529
40.6902385 -73.9943603
40.716669 -73.952051
40.661118 -73.918603
40.753996 -73.9424305
40.731779 -73.7701087
40.7130557 -74.0072251
40.7552333 -73.9412383
40.589379 -73.815551
40.5765074 -73.9706078
40.6655428 -73.7788763
40.766852 -73.9537478
40.766852 -73.9537478
40.7639911 -73.958782
40.7431564 -73.9187012
40.68424 -73.8460949
40.6005903 -73.961364
40.7849422 -73.9465889
40.6398549 -74.0121932
40.6627609 -73.9442069
40.7746797 -73.9822003
40.6428659 -74.0126478
40.5985042 -74.0919292
40.6697798 -73.9582923
40.8541004 -73.829887
40.7647362 -73.988033
40.837194 -73.9366919
40.7522294 -73.9391006
40.7441309 -73.9270473
40.8452223 -73.8661181
40.6014776 -73.9930498
40.7652244 -73.9316919
40.7556569 -73.8844393
40.7488634 -73.8927087
40.5608653 -74.1208417
40.6114767 -73.9488203
40.8180464 -73.9224574
40.6689255 -73.9964817
40.6758144 -73.8958257
40.8285818 -73.8791708
40.86511 -73.8379285
40.7920934 -73.9736473
40.7092244 -73.843148
40.707935 -73.7856861
40.768439 -73.9890504
40.7246917 -73.9784146
40.6753855 -73.9533642
40.7607683 -73.8720851
40.7030263 -73.8084381
40.6456635 -73.9748258
40.6523781 -73.9791155
40.7909983 -73.9493034
40.5708906 -74.1479028
40.6840525 -73.9774579
40.8493727 -73.8957527
40.6619263 -73.9334232
40.7756384 -73.9626236
40.8018159 -73.9392864
40.7195213 -73.9604328
40.6762804 -73.8921621
40.6768766 -73.8237596
40.8714614 -73.86826
40.74478 -73.9758819
40.7890514 -73.9703009
40.8126106 -73.9568264
40.6726636 -74.0086267
40.7703901 -73.9541135
40.7548409 -73.9841185
40.7672901 -73.9666066
40.7405317 -73.75922
40.7546882 -73.9953547
40.7466701 -73.9478358
40.8256025 -73.8176567
40.7528008 -73.9792862
40.6789959 -73.992948
40.7184302 -74.0005303
40.6493823 -73.9055466
40.6840525 -73.9774579
40.7646266 -73.9727449
40.6094167 -73.9676868
40.8155447 -73.9569184
40.8153057 -73.9436997
40.7645577 -73.8289064
40.7280114 -73.7848278
40.8231352 -73.8948833
40.8637931 -73.9194142
40.7910851 -73.9534384
40.7116931 -73.9358083
40.8108509 -73.8818581
40.7506611 -73.9877793
40.8430728 -73.8480694
40.6977164 -73.967727
40.6244333 -73.934862
40.6287705 -73.9182425
40.7482463 -73.9938141
40.8140107 -73.9446473
40.742122 -73.9274428
40.7330189 -73.738893
40.6853613 -73.882203
40.8598223 -73.8409058
40.6243323 -73.9690989
40.6064564 -73.989131
40.722201 -74.0105596
40.6321467 -73.9527315
40.7328483 -73.9959155
40.7654131 -73.9679757
40.7463915 -73.9776353
40.8233063 -73.8871076
40.7127234 -74.0096671
40.7195802 -73.9980556
40.7570751 -73.9698495
40.7098057 -74.0099877
40.7434822 -73.9214796
40.5723338 -74.1418479
40.8642556 -73.8881227
40.6704601 -73.8878674
40.7514187 -73.9876456
40.6959932 -73.983213
40.8653725 -73.8625814
40.5958855 -73.9831409
40.6347744 -74.0841176
40.5490923 -74.2208355
40.6895615 -73.9671143
40.6772496 -73.9275386
40.7115669 -73.8144337
40.6564384 -73.9472648
40.7636871 -73.8144329
40.7350948 -73.9074746
40.7361648 -73.9789088
40.7246935 -73.9941806
40.7604566 -73.983731
40.6788706 -73.9216458
40.8594256 -73.8946922
40.6997906 -73.9500905
40.7586008 -73.9182023
40.5883828 -73.9505374
40.7573389 -73.986013
40.6441352 -73.9344103
40.7656758 -73.9762353
40.8626793 -73.9090397
40.6953481 -73.8589542
40.8419615 -73.9152952
40.8299578 -73.9300861
40.7697535 -73.9545761
40.7571441 -73.8270918
40.6895061 -73.7643552
40.8240665 -73.9087095
40.8591383 -73.8182336
40.6738503 -73.9002269
40.7698881 -73.9278061
40.7416105 -73.8829444
40.7018524 -73.8024077
40.6950223 -73.9888461
40.6523922 -73.9265457
40.6339615 -74.0147538
40.7207967 -73.9449556
40.6420578 -74.02042
40.6142652 -73.9718806
40.7662396 -73.9602318
40.7597028 -73.8003012
40.6902495 -73.8169271
40.5117898 -74.2453111
40.7942809 -73.949012
40.7298565 -74.0039544
40.8771397 -73.8752676
40.6476818 -73.9675458
40.8328296 -73.9112848
40.6978607 -73.9639475
40.7077437 -73.9536048
40.5974779 -73.986457
40.6538564 -74.0081666
40.737229 -74.0006459
40.7192972 -74.0086977
40.8379332 -73.8716657
40.6927648 -73.9457865
40.6786934 -74.0135271
40.6555198 -74.0064368
40.661997 -73.9195931
40.8670274 -73.9170421
40.8275486 -73.918468
40.6278115 -73.9336446
40.6094167 -73.9676868
40.754584 -73.9991446
40.6149737 -73.9284311
40.7378861 -73.9809038
40.6853159 -73.9147009
40.8056394 -73.934392
40.7559505 -73.9907272
40.7517871 -73.8846842
40.7013909 -73.831521
40.9056634 -73.8986236
40.7602226 -73.967462
40.8019196 -73.9434365
40.7804905 -73.9839788
40.7205667 -73.8458956
40.8482564 -73.9097498
40.8692309 -73.8960361
40.6073372 -73.9618859
40.682303 -73.8596056
40.5979724 -74.0759006
40.8865285 -73.8997812
40.5906414 -73.9751346
40.7118451 -73.8597598
40.7182055 -73.8937573
40.8306414 -73.8856316
40.6557003 -73.9154524
40.755879 -73.9237029
40.6573596 -73.7415318
40.6742224 -74.0111793
40.8668017 -73.884427
40.6287077 -74.1190083
40.7415899 -73.8618552
40.7681128 -73.9203314
40.7869399 -73.9792864
40.6936492 -73.9833217
40.5764221 -73.9697655
40.7021237 -73.9095834
40.6267726 -73.946874
40.698081 -73.9253522
40.6289305 -73.9713664
40.6827268 -73.8853842
40.7005823 -73.8077418
40.5709183 -74.0925931
40.8764759 -73.9044863
40.6891331 -73.8208533
40.7567104 -73.9864571
40.6015067 -73.9530376
40.7051837 -74.0073938
40.7605122 -73.8291334
40.6620134 -73.8868147
40.756691 -73.8865094
40.7130201 -73.9944594
40.7208537 -74.0039287
40.5952645 -74.0696466
40.732593 -73.9744105
40.770137 -73.8265599
40.7563194 -73.8336777
40.6000839 -73.9659052
40.6718921 -73.8958679
40.8451394 -73.7857031
40.6143692 -73.9709549
40.8210899 -73.9037926
40.7463411 -73.829177
40.6236805 -73.9977125
40.7581922 -73.8231763
40.6459098 -74.0131601
40.6355832 -74.0924234
40.7582683 -73.8801755
40.8367106 -73.8681843
40.7767295 -73.9792787
40.6106525 -73.9535426
40.6769471 -73.7518318
40.7230103 -73.9857532
40.6335808 -74.0048206
40.80197 -73.9455097
40.764627 -73.9955453
40.7189157 -73.7850808
40.624949 -73.9771104
40.7534674 -73.9135417
40.7795441 -73.9879942
40.8493212 -73.9337309
40.694813 -73.9832638
40.6676238 -73.9423608
40.784237 -73.9470697
40.655397 -73.9297608
40.6552468 -73.981796
40.832754 -73.8449166
40.7322225 -74.0035541
40.5822524 -73.8366241
40.7162994 -73.7558878
40.7233462 -73.7512044
40.7610934 -73.9832615
40.8148803 -73.9288555
40.7160382 -73.8612227
40.7683202 -73.8230916
40.6806649 -73.9026216
40.6057679 -73.9970433
40.7530378 -73.7394642
40.6513641 -73.9634428
40.7543373 -73.9249535
40.8094776 -73.9535772
40.8665775 -73.8673188
40.8687708 -73.8317333
40.7415207 -73.9045896
40.7509036 -73.747402
40.7570075 -73.9638721
40.715667 -73.9790632
40.7219516 -73.9962697
40.6580713 -73.960426
40.5894516 -73.9605171
40.7722611 -73.9259009
40.7167761 -73.8858379
40.6558432 -73.9195789
40.7261762 -73.8648853
40.6096839 -73.9857594
40.6053141 -73.9849248
40.8888876 -73.9115753
40.6555642 -73.8797328
40.6990271 -73.9162233
40.853251 -73.8272179
40.7604196 -73.9758293
40.7497883 -73.9877686
40.7981287 -73.948312
40.6437465 -73.9700881
40.6465718 -73.8961633
40.8310013 -73.8265168
40.8544606 -73.8657525
40.8490754 -73.8917917
40.750766 -73.9744433
40.8050162 -73.9210819
40.6110697 -74.0849089
40.6517331 -73.930381
40.7279758 -73.988119
40.6530329 -73.9430293
40.6500815 -73.9610074
40.574985 -73.9996148
40.6413255 -73.9829925
40.5763037 -73.9685308
40.5770188 -73.9641927
40.7388307 -73.9831481
40.6105032 -73.9576666
40.7466689 -73.8748947
40.6193657 -74.0012355
40.590398 -73.9518933
40.8656315 -73.8833986
40.7843547 -73.9811649
40.6834985 -73.935154
40.7063611 -73.7925261
40.6337025 -73.9671851
40.7192038 -73.9903644
40.6812617 -73.7648278
40.6298598 -73.9790361
40.6543162 -73.9221576
40.7104205 -73.8596365
40.7578241 -73.8609985
40.816554 -73.9195436
40.6670234 -73.9748322
40.682573 -73.8627346
40.6692499 -73.9394287
40.5957085 -73.9650613
40.5787008 -73.9873391
40.7591128 -73.9746783
40.6984634 -73.9601965
40.6752559 -73.7320603
40.7896492 -73.9460759
40.7440594 -73.8834706
40.7231303 -73.7580815
40.8672566 -73.8836235
40.6394354 -74.0054588
40.6125296 -73.9357236
40.6773132 -73.8991258
40.6960346 -73.9845292
40.7608909 -73.9085903
40.713289 -73.8716171
40.7548409 -73.9841185
40.7339788 -73.9909432
40.6832504 -73.818677
40.8636899 -73.9170643
40.8504859 -73.9221268
40.6247649 -73.9651721
40.6711254 -73.9409303
40.7122089 -73.9807128
40.6553799 -73.920293
40.6753561 -73.8900546
40.6756249 -73.8987786
40.7547827 -73.9799352
40.7187947 -73.9890116
40.654313 -73.9175769
40.6143692 -73.9709549
40.7740216 -73.9545587
40.7570373 -73.8713235
40.6853613 -73.882203
40.7673924 -73.9823647
40.6718921 -73.8958679
40.68424 -73.8460949
40.7591044 -73.9921418
40.678749 -73.8204991
40.7566543 -73.9785667
40.68424 -73.8460949
40.6829915 -73.8364277
40.736705 -73.9502035
40.6396194 -73.9204236
40.6224004 -73.9366363
40.720164 -73.8527508
40.7661526 -73.9197778
40.7157074 -73.8102197
40.8782895 -73.8700582
40.6148922 -73.9662146
40.6686054 -73.922076
40.7680332 -73.9958483
40.7372865 -73.884648
40.6050689 -73.9791267
40.7641704 -73.9847336
40.5878604 -73.9552651
40.7857344 -73.9764412
40.5763037 -73.9685308
40.6521704 -73.9614062
40.7568886 -73.7636115
40.7127029 -73.9523208
40.7004914 -73.7441128
40.7236503 -73.991024
40.6038876 -74.0061726
40.8518022 -73.9092172
40.6588384 -73.9204583
40.7039481 -73.8183285
40.7631141 -73.9625151
40.6347445 -74.0067519
40.7418418 -73.8810025
40.6419491 -73.9322649
40.7233651 -73.9957032
40.765057 -73.8129201
40.6968934 -73.74928
40.752316 -73.9859454
40.7193673 -73.8359993
40.763645 -73.9776872
40.7558527 -73.8825801
40.6235615 -73.92737
40.6479951 -73.9527671
40.7682526 -73.8066872
40.6482565 -73.9713978
40.7793231 -73.9068066
40.7118361 -73.9079831
40.8238497 -73.8988747
40.6644888 -73.983585
40.6644888 -73.983585
40.76132 -73.9170907
40.8117245 -73.8537368
40.8403435 -73.8672483
40.6874732 -73.8267028
40.7353484 -73.9899182
40.8573262 -73.9045211
40.6819877 -73.8369746
40.6613141 -73.8490962
40.7504554 -73.8115139
40.8966893 -73.8451038
40.8385749 -73.8506782
40.6738611 -73.8825839
40.6090064 -73.9730317
40.7485121 -73.9887144
40.7323478 -73.9849394
40.7520316 -73.9291428
40.7542523 -73.8278248
40.7530285 -73.9216199
40.7505301 -73.8768761
40.7504525 -73.9872921
40.6562148 -73.8825104
40.7529363 -73.9854869
40.6747116 -73.805401
40.7385503 -73.9804201
40.8199838 -73.9457985
40.6351864 -73.9286112
40.7547827 -73.9799352
40.8077127 -73.9413184
40.5812422 -74.0984395
40.633084 -74.0055664
40.6527684 -73.8862898
40.7060063 -73.8864514
40.6901433 -73.7295881
40.6773293 -74.0129283
40.6421503 -74.1150362
40.6498215 -74.0090886
40.9000179 -73.8425676
40.6344805 -73.9621983
40.7372527 -73.8660933
40.6525646 -73.746549
40.6402891 -73.9947969
40.8314708 -73.9467684
40.6798312 -73.9582932
40.7021767 -73.877795
40.6992857 -73.7711404
40.7045659 -73.9486658
40.7489858 -73.979955
40.848545 -73.9067819
40.7589746 -73.9189996
40.6597554 -73.9062708
40.6611753 -73.8500552
40.6905527 -73.8340437
40.7562867 -73.8607202
40.6404942 -73.9233736
40.7610362 -73.9870157
40.6773349 -73.8254709
40.7422352 -73.9932914
40.6868194 -73.9781997
40.7062111 -73.9395971
40.7588947 -73.8060719
40.8960089 -73.8559458
40.7323478 -73.9849394
40.686027 -73.8250515
40.6468467 -73.9501265
40.6267726 -73.946874
40.6631828 -73.9624487
40.7452305 -73.88257
40.6516965 -73.9496688
40.7425497 -73.9311558
40.6899763 -73.7995437
40.7641617 -73.9688897
40.8821546 -73.8781259
40.6262532 -73.9516189
40.719584 -73.8397723
40.6790734 -73.9252653
40.7071599 -73.8716073
40.7196119 -73.8782139
40.7608228 -73.9983142
40.6271557 -73.9656248
40.7765625 -73.9527048
40.7130206 -73.7914015
40.8075056 -73.9170151
40.7100129 -73.7947294
40.5495239 -74.1880741
40.6618355 -73.8931046
40.7807536 -73.9525754
40.6873513 -73.7270141
40.7469666 -73.7571324
40.8137456 -73.9313928
40.7234868 -73.9516457
40.6327456 -74.1239802
40.7129211 -73.8185241
40.6344167 -73.9410384
40.7500409 -73.8815184
40.785805 -73.9428471
40.7564532 -74.0015016
40.7749666 -73.9567966
40.7182736 -74.0053246
40.73378 -73.9806452
40.7130557 -74.0072251
40.7217311 -73.9846784
40.7217925 -73.9998521
40.6780415 -73.8089533
40.7098896 -73.8302948
40.879058 -73.8518674
40.7476298 -73.8631022
40.7287722 -74.0070897
40.699628 -73.9238321
40.7484375 -73.9845604
40.6825097 -73.9763154
40.7272105 -73.99527
40.6975581 -73.8527719
40.7155203 -74.0092383
40.7173295 -73.9994481
40.608595 -74.0048548
40.8506434 -73.9373659
40.6614699 -73.9861232
40.8163191 -73.9578319
40.7339921 -73.7804027
40.7629131 -73.9697999
40.6462258 -74.009153
40.7798072 -73.9844773
40.6271705 -73.9821315
40.7269334 -73.999917
40.7691169 -73.9885593
40.6670937 -73.7637567
40.8624442 -73.8971422
40.7573763 -73.9036789
40.7673561 -73.9176933
40.6582963 -73.9310841
40.75126 -73.8716631
40.6807 -73.8446429
40.6814906 -73.7522583
40.6728446 -73.7640463
40.7098244 -74.0148247
40.6798891 -73.9403276
40.9091775 -73.8965959
40.811567 -73.9427202
40.6544001 -73.9204312
40.7435691 -73.9923205
40.6664269 -73.936908
40.7207967 -73.9449556
40.6800548 -73.9194307
40.8069669 -73.9554104
40.7654813 -73.9136994
40.8291829 -73.8715344
40.5676287 -74.1126115
40.759626 -73.9954735
40.5371049 -74.1970945
40.828448 -73.822397
40.6415384 -73.9389818
40.7498542 -73.9879382
40.6916677 -73.7623859
40.82916 -73.8440794
40.5961924 -73.9803574
40.7624884 -73.9629739
40.7637977 -73.8082308
40.7557807 -74.0019852
40.6145993 -74.1020941
40.7557548 -73.8835079
40.7616387 -73.910192
40.9063395 -73.8964918
40.6824147 -73.8361587
40.8459165 -73.8590109
40.7186644 -73.9794158
40.610266 -73.9546954
40.7311356 -74.0029442
40.8969621 -73.8543486
40.7217265 -74.0053068
40.8574211 -73.8999552
40.7590642 -73.9784504
40.7611802 -73.9579029
40.7202352 -73.9844767
40.7323735 -74.0034711
40.6922537 -73.7365609
40.680015 -73.8774282
40.5686362 -74.1281804
40.6354937 -74.0095587
40.6748762 -74.0008075
40.7578475 -73.9166042
40.8694288 -73.8257368
40.7727901 -73.8371242
40.6793099 -73.7917089
40.7001628 -73.8252452
40.5982586 -74.0658147
40.7347373 -73.8722578
40.7609587 -73.8076794
40.8263977 -73.9211541
40.8476821 -73.9123638
40.6582048 -73.7539631
40.7149276 -74.0079396
40.6225733 -74.0158248
40.8261511 -73.877654
40.5932799 -73.945374
40.6941184 -73.9601594
40.7628902 -73.805526
40.8710047 -73.8938386
40.8242083 -73.8587895
40.6107007 -73.9211171
40.7715229 -73.9143089
40.6863458 -73.9233966
40.7724613 -73.9670409
40.6952888 -73.9433863
40.8249712 -73.9222759
40.6087788 -74.0908016
40.8332786 -73.9391565
40.7584292 -73.9926328
40.8495485 -73.8530464
40.6795441 -73.8710403
40.6555605 -73.892711
40.697859 -73.8041614
40.809693 -73.9440837
40.5958224 -73.9837207
40.7005823 -73.8077418
40.6167067 -73.9784531
40.6931332 -73.9698315
40.6503826 -73.8856415
40.7692262 -73.984765
40.7464029 -73.9797248
40.8248057 -73.9135104
40.8162619 -73.9141971
40.6763431 -73.910927
40.704767 -73.7538237
40.7667145 -73.9828775
40.7515317 -73.89317
40.6426233 -74.0198364
40.8203061 -73.9549354
40.60058 -73.9915987
40.69183 -73.9278401
40.654313 -73.9175769
40.7644548 -73.831773
40.6790974 -73.8873048
40.7414693 -74.008733
40.8360499 -73.8551252
40.7820225 -73.9717231
40.6662615 -73.9595633
40.8248057 -73.9135104
40.6652813 -73.7356112
40.7180184 -73.9999567
40.7602226 -73.967462
40.8204372 -73.9362273
40.8440653 -73.9209886
40.7272105 -73.99527
40.7497883 -73.9877686
40.6750096 -73.883721
40.6960346 -73.9845292
40.5970943 -73.9952252
40.6839362 -73.9122725
40.6385828 -74.0207721
40.7511221 -73.9712634
40.7169671 -73.9944266
40.879242 -73.8653481
40.748514 -73.8755553
40.695859 -73.828888
40.6506684 -73.9524697
40.7328483 -73.9959155
40.6627814 -73.8808552
40.6003214 -73.9859414
40.7461395 -73.8141606
40.8590118 -73.9276262
40.6989727 -73.957019
40.7438656 -73.8256791
40.8070339 -73.9397007
40.8331233 -73.8420393
40.5666476 -74.1020892
40.6916677 -73.7623859
40.7461395 -73.8141606
40.6223598 -73.9893661
40.8207495 -73.8676559
40.6348828 -74.0995887
40.8077723 -73.9454833
40.8718339 -73.8774976
40.6362673 -73.9480158
40.764651 -73.823484
40.7223726 -73.9106454
40.7615555 -73.9940691
40.7592705 -73.9808868
40.7199725 -73.9928968
40.5358343 -74.1937701
40.6334692 -74.0210119
40.6385948 -73.9192898
40.617125 -73.9852319
40.7464104 -73.9503082
40.8852706 -73.8551048
40.7684459 -73.8943415
40.6956433 -73.9292352
40.7629537 -73.8319573
40.5847455 -74.0940236
40.6019498 -73.9938096
40.8868931 -73.8575931
40.8687708 -73.8317333
40.831875 -73.8663546
40.6750535 -73.9472285
40.7379177 -73.9922237
40.6292756 -73.946328
40.7143843 -73.933443
40.6905012 -73.870947
40.8544781 -73.8666923
40.6078183 -74.0019484
40.5510699 -74.1394782
40.81777 -73.8572713
40.6644703 -73.8959191
40.6456658 -74.0097367
40.7384884 -73.9899502
40.6957071 -73.8562668
40.6501766 -73.8376362
40.7634163 -73.9284268
40.878444 -73.8441013
40.5457543 -74.1516288
40.6709945 -73.9549534
40.6487936 -73.9522692
40.7353484 -73.9899182
40.750218 -73.979056
40.7609059 -73.9669961
40.7336333 -74.0027856
40.7687955 -73.737074
40.6403573 -74.0978781
40.7509908 -73.9906233
40.6744363 -73.9194555
40.6687978 -73.9311201
40.6961687 -73.8044909
40.8228364 -73.9419157
40.6963705 -73.9972484
40.8079057 -73.9200454
40.7245978 -73.8744383
40.6339973 -73.9477726
40.6493953 -73.9416991
40.6892813 -73.7961022
40.7201645 -73.844789
40.6869382 -73.8732219
40.6664524 -73.757631
40.7191331 -73.9763565
40.7199725 -73.9928968
40.8451775 -73.9141598
40.5938706 -73.9817912
40.7457967 -73.9822801
40.6830019 -73.819543
40.6718921 -73.8958679
40.7267348 -73.9080455
40.8082954 -73.9488206
40.7704805 -73.9838549
40.8666127 -73.8903603
40.7476892 -74.0041684
40.7392436 -73.9991845
40.5982432 -73.9826398
40.6461434 -73.9327039
40.6004123 -73.9881885
40.5924248 -74.0947941
40.750614 -73.7648969
40.6899929 -73.735726
40.6256465 -74.03311
40.763547 -73.9693376
40.7489935 -73.8968698
40.742089 -73.9849769
40.7373607 -73.996839
40.7781668 -73.9745338
40.7445322 -73.9888703
40.7508106 -73.893976
40.7456338 -73.9064206
40.771155 -73.9796523
40.7488634 -73.8927087
40.719058 -74.0124422
40.7193963 -74.0018831
40.6774132 -73.9303181
40.8462278 -73.8904373
40.6768744 -73.9498444
40.5910541 -73.9459339
40.664083 -73.9481671
40.7647053 -73.8109934
40.740443 -73.9945943
40.6898418 -73.8500701
40.8535023 -73.8886541
40.7731001 -73.9644736
40.7630088 -73.8753225
40.6993595 -73.845025
40.8605015 -73.8247263
40.6143967 -74.0766541
40.805838 -73.9469009
40.7601129 -73.877667
40.696197 -73.9887629
40.7999853 -73.9448468
40.6654875 -73.7556124
40.7073058 -73.7512138
40.6585778 -73.8906229
40.7149341 -73.7931487
40.6716843 -73.7564656
40.7336638 -73.7589598
40.8790228 -73.8265723
40.822689 -73.9494635
40.7705708 -73.98214
40.6778446 -73.9528108
40.6878906 -73.9360259
40.770415 -73.9876168
40.7229283 -73.7534572
40.7453197 -73.7151883
40.7738755 -73.9822257
40.6676216 -73.9743309
40.8932462 -73.856885
40.8380775 -73.9362321
40.6671557 -73.9100922
40.7830264 -73.9821258
40.7566718 -73.8287931
40.7050859 -73.774179
40.6282529 -74.0099215
40.8598744 -73.8932165
40.7806512 -73.9764177
40.8831532 -73.8562775
40.7230834 -73.9587495
40.6936492 -73.9833217
40.7768682 -73.9554089
40.7427726 -73.986597
40.8660261 -73.9258723
40.7401756 -73.9269181
40.665256 -73.7353338
40.7300064 -73.9835363
40.6348652 -74.0263807
40.6017187 -74.0914222
40.7254319 -73.8962172
40.7759231 -73.9531674
40.6049786 -73.7544185
40.7474822 -73.9413498
40.6897305 -73.9901667
40.8172449 -73.8977865
40.6607381 -73.9250335
40.7302857 -73.8585123
40.8089731 -73.9483252
40.7508437 -73.9786082
40.8840347 -73.8979659
40.7393973 -74.0027894
40.7133793 -73.8596555
40.6796759 -73.8786294
40.7489156 -73.9373965
40.8627785 -73.9061582
40.7093059 -74.0119354
40.6764045 -73.9628631
40.8220183 -73.9536697
40.7631284 -73.8312493
40.770415 -73.9876168
40.8973441 -73.9082073
40.6793681 -73.9313255
40.665508 -73.9927692
40.755351 -73.7285113
40.7535538 -73.9850428
40.6866483 -73.8490677
40.7408915 -73.9220023
40.758306 -73.8556084
40.7440288 -73.9261524
40.5391774 -74.195424
40.6040453 -73.7569897
40.7646844 -73.9917874
40.6571375 -73.9036434
40.7214494 -73.9973989
40.5067567 -74.2330625
40.6832692 -73.8816443
40.7394087 -73.9766994
40.6750535 -73.9472285
40.8317235 -73.9150083
40.6734077 -73.9334695
40.7205573 -74.0035102
40.6756249 -73.8987786
40.6914356 -73.8906231
40.7993065 -73.9432328
40.6825939 -73.9626433
40.753327 -73.8717926
40.7263263 -73.9121626
40.8100892 -73.9221632
40.624451 -74.1044363
40.6945594 -73.9065464
40.8438993 -73.9116929
40.7190477 -73.9964791
40.764627 -73.9955453
40.6590121 -73.8801916
40.605073 -73.9427678
40.8240591 -73.8997994
40.8035936 -73.9197796
40.8400432 -73.8639384
40.766852 -73.9537478
40.7335259 -73.989868
40.6191728 -74.0282043
40.8044198 -73.9553688
40.6426576 -74.0092822
40.6771023 -73.9247844
40.6594959 -73.9605622
40.701028 -73.9912614
40.7890514 -73.9703009
40.7187947 -73.9890116
40.7691197 -73.9550386
40.7607762 -74.0021839
40.7043282 -73.7977044
40.762025 -74.0011515
40.7477648 -73.9829581
40.6741204 -73.898388
40.6208475 -74.0267714
40.5761549 -73.8540259
40.7015384 -73.8988547
40.7665043 -73.9941734
40.635361 -73.9604071
40.7264956 -73.9146771
40.7055035 -73.7888498
40.665508 -73.9927692
40.6687978 -73.9311201
40.7440826 -73.9496784
40.7528149 -73.9813723
40.7336114 -73.9995562
40.730907 -73.9543789
40.7228597 -74.0104515
40.8337795 -73.8483147
40.6692837 -73.7802084
40.6692837 -73.7802084
40.5879016 -73.9895336
40.8024695 -73.9586895
40.5991043 -73.7633598
40.7872263 -73.9541633
40.6773546 -74.0044561
40.8087895 -73.9161827
40.7749592 -73.9588943
40.8069751 -73.9376345
40.5608051 -73.9126898
40.6558272 -73.9433549
40.9065695 -73.9021603
40.7231997 -73.7335776
40.6952837 -73.8411361
40.7104013 -73.8666198
40.6980065 -73.7449734
40.7399214 -73.815127
40.7609373 -73.9712411
40.6403175 -73.9790653
40.7092505 -73.8269131
40.7140668 -73.9516237
40.6338025 -73.8896944
40.7119054 -73.9629407
40.7642144 -73.9709581
40.740443 -73.9945943
40.7578241 -73.8609985
40.8193582 -73.918283
40.7471531 -73.9854954
40.8137456 -73.9313928
40.8361341 -73.8501343
40.7228578 -73.9390337
40.806081 -73.9653084
40.7587064 -73.937918
40.7096605 -74.0048261
40.7434507 -73.988192
40.6700964 -73.9079685
40.7946125 -73.9320915
40.7177239 -73.9857652
40.7066857 -73.7991436
40.6830473 -74.003656
40.7385503 -73.9804201
40.8444209 -73.8983917
40.8532513 -73.8930717
40.7034151 -73.8214786
40.7612344 -73.9638843
40.6346733 -73.9960656
40.8489958 -73.9410868
40.7451683 -73.8213811
40.76226 -73.7569828
40.7672019 -73.8878164
40.7680332 -73.9958483
40.87898 -73.9090282
40.6844232 -73.978388
40.7126465 -73.9899722
40.5800835 -73.8362622
40.7546882 -73.9953547
40.671982 -73.8864048
40.7471204 -73.9423823
40.6885202 -73.992929
40.7573816 -73.9667018
40.7538427 -73.8765416
40.7503927 -73.9947811
40.7037717 -73.9311561
40.6364471 -73.9451224
40.7373607 -73.996839
40.7595273 -73.999242
40.763547 -73.9693376
40.7309116 -73.860831
40.6319694 -74.0759573
40.5791703 -74.1010536
40.6902407 -73.9481865
40.9057359 -73.8493913
40.7454217 -73.9909669
40.6992385 -73.7435297
40.7355681 -73.7165398
40.7137997 -73.7375182
40.8324085 -73.890713
40.6946757 -73.7322708
40.7514416 -73.9760491
40.6641936 -73.8411164
40.6657198 -73.9568602
40.8838512 -73.8343459
40.6241223 -74.0034547
40.8684832 -73.9185588
40.5992433 -73.7524843
40.7551925 -73.9712183
40.5879404 -73.9743363
40.8473643 -73.8578946
40.7287968 -73.7986728
40.605073 -73.9427678
40.7634163 -73.9284268
40.7241363 -73.9926041
40.7738978 -73.9365751
40.6094024 -74.0901074
40.6445337 -73.9459878
40.7546195 -73.9737343
40.6837264 -73.9679609
40.7396752 -73.9345761
40.7124063 -73.9004542
40.7329142 -74.0039763
40.7577322 -73.9968524
40.7703138 -73.9914004
40.5411519 -74.1669561
40.6397751 -73.9194145
40.6656445 -73.7789516
40.7615996 -73.9245879
40.5321618 -74.1887699
40.6647513 -73.8940407
40.68424 -73.8460949
40.7738755 -73.9822257
40.7521198 -73.9776766
40.7316898 -73.805083
40.6172954 -74.0804791
40.6679452 -73.9907251
40.7537307 -73.8850382
40.6941948 -73.7453306
40.8571285 -73.8807926
40.8375147 -73.9147732
40.7498691 -73.8627259
40.7986223 -73.9416189
40.5645369 -74.1316997
40.7236503 -73.991024
40.8296557 -73.9172838
40.6862816 -73.8802724
40.6940116 -73.9610935
40.8617318 -73.9118139
40.6800084 -73.8487907
40.7360131 -73.7351213
40.7132446 -73.9424657
40.7306541 -73.9830707
40.7313511 -73.9825546
40.7185836 -73.9917461
40.7946973 -73.9363603
40.8212762 -73.9174171
40.680015 -73.8774282
40.657608 -73.9423154
40.7659905 -73.987123
40.7144361 -73.7599852
40.6776301 -73.894388
40.7001228 -73.9062104
40.6667534 -73.8015564
40.6811205 -73.9644216
40.5839322 -73.830928
40.7199725 -73.9928968
40.7969865 -73.9317424
40.7634163 -73.9284268
40.7147104 -73.7546996
40.6898781 -73.8063664
40.8201339 -73.9130649
40.7617706 -73.979056
40.6180573 -74.0205243
40.737229 -74.0006459
40.7186412 -74.0088202
40.763547 -73.9693376
40.8264277 -73.9504508
40.648707 -74.0102489
40.6655483 -73.9536882
40.7387605 -74.0024069
40.8520582 -73.9347764
40.6758138 -73.739546
40.7879366 -73.8176732
40.6856685 -74.0048532
40.7565272 -73.994019
40.8409524 -73.879376
40.6184717 -74.0212161
40.7679637 -73.9116817
40.6731187 -73.8786449
40.7496086 -73.7070746
40.7170272 -73.8871613
40.6278216 -74.1212583
40.661118 -73.918603
40.6358672 -74.0055846
40.7267009 -73.9003282
40.7689749 -73.7737601
40.8782895 -73.8700582
40.7896243 -73.9400667
40.6655149 -73.9263799
40.5821691 -73.9589518
40.8220183 -73.9536697
40.5819158 -73.8297739
40.6637899 -73.7340168
40.732072 -73.9446107
40.7599831 -73.9648018
40.8030725 -73.9383714
40.8549735 -73.9039533
40.766359 -73.8875543
40.7483561 -74.0036885
40.8197874 -73.9121585
40.8285478 -73.8918901
40.8287418 -73.8772987
40.6771023 -73.9247844
40.7313511 -73.9825546
40.7215756 -73.9977597
40.7360471 -73.8727713
40.6858574 -73.7954708
40.6139852 -74.1012756
40.5694256 -74.1241866
40.7004721 -73.7528802
40.723977 -74.0083014
40.7720212 -73.9560151
40.5721317 -74.1080873
40.7514416 -73.9760491
40.6689755 -73.9066724
40.5836634 -73.9717459
40.7360187 -73.8795299
40.7181251 -73.9902347
40.7463603 -73.9427655
40.767372 -73.7387475
40.6811205 -73.9644216
40.751081 -73.9868516
40.6095362 -73.7537175
40.6102417 -73.9923934
40.6395755 -73.9981372
40.6434562 -73.9727187
40.7446206 -74.0026922
40.7460781 -73.9749359
40.6693691 -73.895223
40.8601968 -73.8977096
40.7722405 -73.9899957
40.815755 -73.8952779
40.6710512 -73.981424
40.6511499 -73.8900044
40.6916677 -73.7623859
40.8580315 -73.8835095
40.6684141 -73.9016662
40.6364648 -73.9117909
40.7583388 -73.9964084
40.5644437 -74.1267543
40.7470397 -73.882989
40.7061769 -73.8927017
40.5881184 -73.9726045
40.700089 -73.9877813
40.7371391 -73.7092188
40.7006626 -73.9877415
40.6875626 -73.8647075
40.5869192 -73.9638597
40.8697608 -73.8448773
40.726412 -73.9060291
40.678723 -73.9529869
40.7440655 -73.987748
40.7435369 -73.9507109
40.6675224 -73.7806252
40.7249048 -73.9923262
40.7206092 -74.0084706
40.7403945 -73.9790771
40.8582733 -73.9318168
40.6862855 -73.8308849
40.7007255 -73.9419319
40.6835142 -73.9759509
40.7083508 -73.813238
40.756086 -73.8336061
40.7554526 -73.9815557
40.7641132 -73.9884952
40.7717564 -73.7933332
40.6582338 -73.9320898
40.8454299 -73.9139752
40.7116782 -73.9649572
40.6049177 -73.9780788
40.6506606 -73.9189076
40.773367 -73.9067896
40.6801863 -73.7936963
40.7476845 -73.9787861
40.7652848 -73.8014289
40.65104 -74.0110961
40.608595 -74.0048548
40.7609285 -73.969133
40.598935 -74.0637592
40.8816309 -73.863875
40.7565594 -73.986107
40.5765028 -74.1036882
40.6271788 -74.1050638
40.7534818 -73.9808885
40.6373563 -74.0312674
40.6496065 -73.8461892
40.6733857 -73.8767986
40.7697502 -73.9606016
40.6691002 -73.9366568
40.7605188 -73.8651405
40.7334973 -73.8703694
40.7057339 -73.8944878
40.6948202 -73.9344145
40.7403945 -73.9790771
40.768885 -73.7439258
40.7591044 -73.9921418
40.5975845 -73.9413518
40.6420578 -74.02042
40.7756465 -73.8444539
40.6406258 -74.0149787
40.7376819 -73.8622999
40.7466417 -73.8913914
40.7234541 -73.9403211
40.6832699 -73.9501533
40.7353901 -73.9751095
40.7145001 -73.9575609
40.8243522 -73.8202111
40.7241585 -73.7549679
40.7130805 -73.9640727
40.8356261 -73.8520689
40.7422546 -74.0007037
40.8479988 -73.9346936
40.7816666 -73.827707
40.7073058 -73.7512138
40.8435685 -73.9342137
40.7752618 -73.819654
40.8587638 -73.8973575
40.5910643 -73.9758366
40.5958903 -74.0858762
40.6844232 -73.978388
40.6133403 -74.0110862
40.7225346 -73.9593451
40.6556162 -73.7271043
40.6909932 -73.9917423
40.7660506 -73.8758655
40.7541607 -73.8986304
40.5785363 -74.1071077
40.8712392 -73.8250234
40.7660413 -73.7899756
40.710275 -73.7777359
40.6805055 -73.9285699
40.6543162 -73.9221576
40.6863048 -73.7939082
40.682852 -73.9727855
40.6715362 -73.9576567
40.8206258 -73.9584145
40.7144301 -73.7519555
40.7954563 -73.9656282
40.8468032 -73.9318503
40.6961392 -73.8528291
40.7143621 -74.0083868
40.6056974 -73.9586492
40.6503881 -73.958708
40.7163588 -73.9401218
40.7180184 -73.9999567
40.7865477 -73.9525532
40.8945578 -73.8610562
40.6547385 -73.9069229
40.6944972 -73.9148082
40.6338025 -73.8896944
40.8831331 -73.8820877
40.7213532 -74.0046358
40.7460347 -73.9344002
40.8084322 -73.9233717
40.738171 -73.9776019
40.8567445 -73.895264
40.8068402 -73.9274915
40.83981 -73.8464795
40.8372714 -73.8487802
40.760405 -73.9874743
40.6799401 -73.8846715
40.7696848 -73.8216367
40.7396752 -73.9345761
40.6865789 -73.9474574
40.7007342 -73.9897287
40.6380664 -73.9773437
40.6295438 -73.9660811
40.7465356 -73.9859503
40.665256 -73.7353338
40.6802181 -73.7754962
40.6752029 -73.9500007
40.7520641 -73.9735043
40.6973167 -73.9322699
40.6937268 -73.8447027
40.7471531 -73.9854954
40.6160581 -74.0257501
40.764627 -73.9955453
40.7431952 -73.9367235
40.8223104 -73.9385848
40.7456338 -73.9064206
40.6026848 -73.942316
40.6414758 -74.0210576
40.657591 -73.8834919
40.8142905 -73.8997274
40.8285193 -73.8411794
40.6442955 -73.901381
40.6661202 -73.8222416
40.7999853 -73.9448468
40.7999853 -73.9448468
40.7199351 -73.9787516
40.8492939 -73.9389684
40.8724977 -73.9171727
40.7400682 -73.935449
40.610456 -73.9957537
40.7330189 -73.738893
40.6811039 -74.00583
40.7348371 -73.983113
40.6437784 -73.9137559
40.8607891 -73.8298338
40.7124783 -73.8950254
40.7472362 -73.9933594
40.6847992 -73.9137966
40.8145902 -73.9138922
40.7743679 -73.9635486
40.6961687 -73.8044909
40.5737083 -73.9907165
40.6899126 -73.9511003
40.6317785 -73.9456163
40.6417288 -73.9076365
40.7043282 -73.7977044
40.8622592 -73.8958844
40.7452378 -73.9376959
40.7246918 -73.7540928
40.7902945 -73.9693903
40.8449733 -73.9024678
40.8870975 -73.860862
40.7517478 -73.9708047
40.7476308 -73.8839372
40.8777986 -73.8680486
40.691299 -73.9454956
40.6887749 -73.9478919
40.8623094 -73.9098681
40.7226723 -73.9829645
40.7688025 -73.9583602
40.7546939 -73.8718044
40.7791238 -73.9849757
40.6229635 -74.0118335
40.5210391 -74.2365616
40.8226439 -73.9532176
40.7183032 -73.9873956
40.8050452 -73.9369284
40.8091071 -73.9228869
40.8180464 -73.9224574
40.7501577 -73.8803488
40.7570213 -74.004927
40.6840525 -73.9774579
40.7293028 -73.8628476
40.7534818 -73.9808885
40.8518022 -73.9092172
40.6717897 -73.9531035
40.7621308 -73.8249346
40.7460781 -73.9749359
40.7505071 -73.8030068
40.7717753 -73.9675322
40.666305 -73.7673028
40.6789705 -73.7598389
40.7583292 -73.9689357
40.7573389 -73.986013
40.7230103 -73.9857532
40.6659293 -73.837915
40.6295548 -74.1118694
40.6322388 -74.1204377
40.7603012 -73.9949825
40.7213532 -74.0046358
40.7623795 -73.929435
40.6981895 -73.9618989
40.749824 -73.9722023
40.7497011 -73.9025603
40.7596804 -73.9721549
40.8131597 -73.9503486
40.6959354 -73.8544885
40.7434822 -73.9214796
40.6380664 -73.9773437
40.6915351 -73.8541771
40.6984091 -73.8064642
40.7278775 -74.0054264
40.6150052 -73.9802186
40.8234059 -73.9392703
40.774461 -73.8466735
40.6656262 -73.920443
40.8171743 -73.8617163
40.5972673 -73.9986569
40.7098718 -74.0070517
40.7577968 -73.7949323
40.7144549 -73.9082752
40.6516058 -73.9332966
40.6635177 -73.9626828
40.7120896 -74.0057389
40.6775631 -73.9330796
40.6883638 -73.9930047
40.7601104 -73.7701083
40.6688512 -73.9163477
40.6368247 -74.0117603
40.6372129 -74.0221984
40.8481835 -73.9413658
40.6980579 -73.8098624
40.6144137 -73.9328151
40.7047985 -74.0166846
40.785171 -73.9731337
40.6694023 -73.9421971
40.6010357 -73.9923368
40.612579 -73.9182876
40.7612344 -73.9638843
40.7447356 -73.8274127
40.5645369 -74.1316997
40.6931192 -73.968811
40.6676708 -73.928443
40.8141049 -73.9408539
40.7457293 -73.8621209
40.6626948 -73.9956963
40.6189499 -73.9268779
40.7130201 -73.9944594
40.7191271 -74.0069372
40.7518308 -73.8329923
40.7194266 -73.8646861
40.7872227 -73.952058
40.5855731 -73.9692789
40.6714586 -73.9910238
40.8626444 -73.8315969
40.6708971 -73.9140381
40.7434005 -73.8888705
40.6140537 -74.0139066
40.7210624 -73.9981962
40.7203211 -73.9940403
40.6997563 -73.7935781
40.6790429 -73.8054244
40.673571 -73.9529364
40.763893 -73.9149938
40.6546499 -73.9129129
40.7806906 -73.9465923
40.8958056 -73.8967071
40.733296 -73.9761314
40.823282 -73.8794044
40.7653588 -73.7442823
40.7654254 -73.8900034
40.8116555 -73.9168366
40.7851932 -73.9493331
40.7792169 -73.8061282
40.524097 -74.2140986
40.8603808 -73.8888848
40.7509692 -73.8257652
40.6640184 -73.7685904
40.7335259 -73.989868
40.7405638 -73.7972696
40.8660702 -73.8943816
40.7210631 -73.7402494
40.6178962 -74.0293024
40.7073761 -73.809688
40.6800879 -73.8017691
40.6361331 -73.9727361
40.7454217 -73.9909669
40.6894756 -73.8276856
40.6199089 -73.9930911
40.7646168 -73.9583231
40.8810763 -73.8784859
40.6921483 -73.9194594
40.6146437 -73.9368021
40.5921873 -73.9776941
40.707848 -73.927224
40.7543617 -73.8669035
40.5743956 -74.1058015
40.741023 -73.978615
40.7615555 -73.9940691
40.6121211 -73.9190085
40.8147829 -73.8633289
40.7058889 -73.9429661
40.9001347 -73.8586282
40.6800822 -73.971395
40.7621308 -73.8249346
40.7201559 -73.8896633
40.7128006 -73.9971179
40.7357962 -74.0015516
40.6879747 -73.7377965
40.8636899 -73.9170643
40.7635447 -73.9851922
40.7043114 -73.9132917
40.5431538 -74.1737721
40.7011215 -73.7561886
40.7496137 -73.8696848
40.6627452 -73.9219315
40.6391608 -74.0873984
40.738219 -73.9856742
40.889099 -73.8462608
40.722315 -73.742842
40.7345744 -74.0101574
40.6697253 -73.8609622
40.5882789 -73.9514952
40.6942955 -73.7486695
40.7528149 -73.9813723
40.7485121 -73.9887144
40.6769384 -73.9218247
40.7177229 -73.7379104
40.7230221 -73.9988131
40.5781084 -73.9926239
40.8773934 -73.8664909
40.873674 -73.9017495
40.6922003 -73.8097096
40.6876982 -73.9109407
40.8884565 -73.841962
40.666396 -73.7517593
40.6315031 -74.0029507
40.8719838 -73.8844975
40.6969408 -73.8065875
40.8949212 -73.8531341
40.6620514 -73.9314803
40.7054947 -73.8105878
40.6232519 -74.0838257
40.7522294 -73.9391006
40.8981722 -73.8456574
40.712355 -73.9849511
40.6757357 -73.8968533
40.7054947 -73.8105878
40.6675224 -73.7806252
40.577945 -74.1023153
40.8029708 -73.9638616
40.8424349 -73.9209146
40.7692262 -73.984765
40.775163 -73.798168
40.7647362 -73.988033
40.8410516 -73.944679
40.6911214 -73.9535659
40.83974 -73.8538776
40.7227827 -73.7420826
40.6075593 -73.9844021
40.6281676 -73.9278657
40.8452223 -73.8661181
40.6979337 -73.8920009
40.7555563 -73.8853671
40.6929769 -73.9081028
40.8142701 -73.9153413
40.6295078 -73.9441554
40.7437832 -73.9735076
40.7185273 -73.7995264
40.8507133 -73.8940734
40.7598989 -73.9804246
40.787695 -73.9811423
40.6110846 -73.9983144
40.7503074 -74.0083661
40.658409 -73.9604835
40.6860873 -73.9826602
40.8228364 -73.9419157
40.8582733 -73.9318168
40.7489334 -73.951638
40.7887905 -73.7844219
40.758026 -73.8577531
40.7155532 -73.9897553
40.6725942 -73.970414
40.7496522 -73.8852401
40.6513641 -73.9634428
40.6976795 -73.9163657
40.6721508 -73.8431812
40.7088729 -73.8187046
40.6579698 -73.8482676
40.741023 -73.978615
40.7568002 -73.8158995
40.7215903 -73.9457919
40.5873069 -73.9393842
40.8027515 -73.933575
40.7696048 -73.8286299
40.7727647 -73.8131693
40.7710646 -73.9596441
40.5788991 -74.0036071
40.7849422 -73.9465889
40.6881484 -73.9598601
40.7504936 -73.9717112
40.8201866 -73.9214866
40.7573389 -73.986013
40.766886 -73.823951
40.7529959 -73.9106765
40.756487 -73.9400388
40.6547385 -73.9069229
40.7683052 -73.8996161
40.6076902 -74.0894424
40.6929726 -73.8153654
40.7409163 -73.9522573
40.8392249 -73.9150891
40.8815498 -73.9064933
40.760405 -73.9874743
40.835397 -73.920305
40.7012623 -73.772724
40.6606655 -73.7336255
40.8581915 -73.8843443
40.6479951 -73.9527671
40.8267939 -73.891911
40.6656448 -73.855088
40.6541788 -73.9107115
40.7261878 -73.8702105
40.7531428 -74.0074063
40.7199041 -74.002601
40.7547506 -73.9367775
40.6598918 -73.9425513
40.7038568 -73.9185039
40.7387967 -73.977147
40.7666672 -73.9670654
40.6775782 -73.8860059
40.8167611 -73.9174588
40.7596652 -73.7869419
40.6185581 -73.9550356
40.7349628 -73.9797897
40.7482595 -73.8165439
40.7610093 -73.8691499
40.674809 -73.7951081
40.713543 -73.8126283
40.7575782 -73.767973
40.650766 -73.8848048
40.7641132 -73.9884952
40.7731037 -73.8456476
40.8788714 -73.8856752
40.7444538 -73.9298257
40.732072 -73.9446107
40.6328593 -74.0242362
40.7616096 -73.9707499
40.9031949 -73.8540528
40.7025952 -73.8552926
40.8141445 -73.9557055
40.7017705 -73.9006973
40.707192 -73.9151022
40.7048304 -73.9663241
40.7953261 -73.9712877
40.6883867 -73.8041495
40.8591383 -73.8182336
40.708447 -73.8002203
40.7017784 -73.8828232
40.8131812 -73.8575449
40.7033747 -73.9376305
40.7457333 -73.9802086
40.6804771 -73.792091
40.6657792 -73.9194119
40.6757902 -73.9026791
40.6626948 -73.9956963
40.6185937 -73.9424176
40.8227751 -73.8584457
40.725432 -73.996771
40.7264365 -74.0056572
40.6130524 -73.949118
40.725432 -73.996771
40.725432 -73.996771
40.6922138 -73.9229175
40.7193491 -73.8426228
40.6844549 -73.8596479
40.7292122 -73.7811617
40.7416506 -73.7165681
40.7357635 -73.7156369
40.6202541 -73.9368652
40.8410866 -73.9379278
40.6267726 -73.946874
40.7387326 -73.7572959
40.7839004 -73.9740586
40.8865285 -73.8997812
40.6840532 -73.981561
40.6466639 -74.0889325
40.6611221 -74.0006019
40.6676871 -73.895806
40.8165147 -73.9039979
40.7187918 -73.9372589
40.6334692 -74.0210119
40.767816 -73.9895054
40.6604716 -73.998014
40.6659252 -73.8350277
40.7033417 -73.8002032
40.7616592 -73.9865607
40.6446733 -73.9257218
40.7570213 -74.004927
40.7612344 -73.9638843
40.6660501 -73.8522143
40.7533319 -73.7805195
40.7147613 -73.8210261
40.7198583 -73.9104828
40.6812944 -73.8631194
40.7373607 -73.996839
40.7616592 -73.9865607
40.6862395 -73.8390591
40.8327066 -73.9050515
40.5267107 -74.1784092
40.6735884 -73.9629548
40.696131 -73.9871041
40.7088454 -74.0025032
40.7489116 -73.8140843
40.8422585 -73.8551984
40.6764488 -73.864539
40.6420578 -74.02042
40.7301174 -73.8623119
40.7570751 -73.9698495
40.6669624 -73.7707754
40.5990542 -73.9980699
40.8754952 -73.8605139
40.762859 -73.9894015
40.7611802 -73.9579029
40.658306 -73.9566487
40.5528066 -74.1914515
40.7452931 -73.9984879
40.6818868 -73.8516383
40.7999615 -73.9469742
40.8341929 -73.9001816
40.6383585 -73.9609746
40.6643768 -73.9237498
40.7032933 -73.7960918
40.8675804 -73.8980417
40.839799 -73.8735956
40.6450162 -73.9508665
40.6913591 -73.8375359
40.6326199 -73.9731951
40.6773522 -73.9442307
40.7054947 -73.8105878
40.677239 -73.7303182
40.7522824 -73.935614
40.7717828 -73.7823108
40.550574 -74.1675734
40.6888803 -73.7883472
40.6298704 -73.976997
40.7369617 -73.9845089
40.8238603 -73.9194011
40.8109052 -73.9368614
40.6344828 -73.9188516
40.6517331 -73.930381
40.6387858 -73.9453727
40.7325834 -73.8680511
40.7601586 -74.0026387
40.6586459 -73.9239294
40.7002464 -73.9208814
40.7286048 -74.0053146
40.5950454 -73.9820321
40.7547827 -73.9799352
40.8495485 -73.8530464
40.7075733 -73.8361871
40.6515625 -73.9342697
40.5958027 -73.7676061
40.8156907 -73.9582947
40.7334973 -73.8703694
40.7986223 -73.9416189
40.7265701 -73.8526393
40.7357898 -73.9853608
40.5979121 -74.0836066
40.7524887 -73.8268873
40.7180039 -73.986584
40.6605938 -73.9313269
40.7435691 -73.9923205
40.7138164 -73.92084
40.7534818 -73.9808885
40.6128336 -74.0336475
40.8831331 -73.8820877
40.7356275 -73.7369342
40.8507133 -73.8940734
40.7397825 -73.9795031
40.8831331 -73.8820877
40.7161987 -74.0001371
40.827251 -73.9386923
40.7633822 -73.8302956
40.6199141 -74.0114187
40.6642272 -73.9454636
40.549593 -74.1373916
40.7592705 -73.9808868
40.8824273 -73.9023007
40.7474318 -73.9254665
40.739114 -73.8897401
40.729804 -73.7446569
40.7596804 -73.9721549
40.7229337 -73.9886394
40.6960346 -73.9845292
40.7154014 -73.9269272
40.6837703 -73.9262408
40.7483572 -73.9071314
40.5610915 -74.1698275
40.6328292 -73.9656795
40.7214494 -73.9973989
40.7098181 -73.8010675
40.7585332 -73.9888427
40.6931719 -73.9708592
40.8254139 -73.923475
40.7804561 -73.9168286
40.6446907 -74.0770384
40.7487832 -73.8127818
40.7132852 -73.7357924
40.6744323 -73.9669343
40.7431628 -73.8255511
40.8204372 -73.9362273
40.7679637 -73.9116817
40.7586947 -73.9853377
40.6938611 -73.9622115
40.782514 -73.9197581
40.7457274 -73.9781227
40.6785492 -73.9298122
40.8648086 -73.9193623
40.7178015 -73.8035725
40.7465356 -73.9859503
40.6733717 -73.7561819