7.403425 9.363511
2.528821 1.899449
4.034836 3.496961
3.424296 2.148879
6.206599 4.310129
0.334472 1.468788
5.918422 0.916354
1.169036 7.985683
5.366334 1.976874
5.315392 5.793912
8.282959 1.684625
3.484401 2.332326
9.396238 2.572940
3.403404 1.011387
8.380657 3.704793
6.448101 3.233415
4.012585 9.517506
0.725258 9.406237
0.631698 6.943317
6.337010 6.123502
7.700639 4.639799
1.095236 7.623785
2.958598 5.156953
2.917008 6.155662
8.206527 7.095210
9.197467 1.832202
3.823843 7.327022
5.258705 3.061729
8.480876 8.078610
7.198384 3.232415
7.201857 1.610086
0.717396 7.268871
7.916426 1.369452
6.383166 1.866258
6.192758 1.687034
3.972870 2.033238
2.633763 5.646425
9.463398 1.328386
6.175504 1.699156
7.716272 7.379702
0.650146 7.011780
6.988915 2.688514
5.846739 6.141506
0.291632 1.458156
7.223315 2.260843
7.986337 6.367548
9.384155 9.492589
1.938352 7.877899
3.854478 2.219629
5.310239 9.182066
2.989048 6.933648
3.828948 3.129073
0.337677 5.330018
1.607179 1.855807
0.549936 2.768898
6.865828 3.966554
5.874174 7.244808
3.486681 0.651951
7.345300 2.463578
5.352330 6.614549
0.727940 4.495594
7.452126 7.881601
6.063548 0.059354
7.554504 8.553180
3.290704 6.870055
5.017621 1.160809
9.713930 2.017338
5.395419 0.801645
3.248312 4.375242
4.691224 5.408308
7.425920 7.432635
0.299054 6.203203
7.236174 8.383682
4.544574 0.658367
5.182181 6.923555
4.181046 0.841278
9.351382 8.677886
9.223776 4.001326
0.278793 5.676938
2.289531 0.142338
2.266569 4.226496
4.709944 0.026708
8.886339 2.707758
9.285849 7.266053
0.545135 2.076135
3.601090 3.520754
3.313495 9.903211
3.260740 3.252272
0.934443 5.179732
5.758809 8.299860
5.747862 4.319998
6.200907 8.643487
1.081191 1.584245
6.406338 1.330106
5.090260 2.003585
4.247281 4.051597
5.191783 8.294445
4.734858 8.750925
6.796994 7.086346
0.221981 0.827252
3.623488 9.960350
3.600858 9.622831
0.918110 0.672491
2.562535 8.529679
8.311692 4.608627
7.186573 4.724933
1.951039 1.110304
0.876799 6.352855
2.441543 5.016911
9.225048 5.379366
1.008618 1.838726
3.470885 5.162018
8.042392 8.477470
0.838658 5.331107
9.919318 3.972504
5.882808 2.347572
5.647925 4.670725
0.867193 4.909336
1.217058 5.089874
5.506211 2.890942
8.069164 8.438761
0.261618 7.007960
2.780990 0.097698
2.003185 7.526699
1.237541 9.345561
0.839661 2.180419
6.308033 9.114605
9.165324 1.605325
0.690579 6.554527
1.927491 5.348498
2.205800 2.877481
1.819473 9.874934
8.020197 5.458232
6.510847 7.805446
6.129102 1.818051
5.987916 8.906250
7.342254 1.270201
8.264795 6.417326
6.004011 9.408268
4.760068 2.460696
6.909452 7.167279
0.465150 7.774028
8.082716 6.205986
4.002566 1.121354
6.591297 9.935175
0.481665 5.351866
8.814790 0.168277
8.231495 6.730651
2.052796 1.338454
5.394834 0.977673
1.755123 8.350610
8.699629 4.661218
1.096873 5.148578
2.151852 6.182741
3.325474 1.235934
2.337700 9.717313
8.886163 9.740781
3.310364 7.288408
6.280122 0.016432
6.173553 8.906747
5.699330 8.635758
1.183889 7.614696
0.187792 6.217021
9.471708 0.994015
6.404569 1.588494
7.818514 5.770286
1.188948 2.651328
0.871083 0.284799
6.615109 0.135393
5.547698 0.161511
4.513175 2.938263
3.380504 6.124086
7.520150 1.156448
6.424834 2.184806
0.028362 6.679264
8.385634 7.349975
1.028038 8.230960
7.749031 7.971745
1.114650 3.916937
1.968347 2.003301
9.478596 6.761904
7.312916 8.182563
4.329430 4.729103
2.041889 8.025711
8.128940 3.098826
1.972653 4.370685
8.105818 4.490165
6.209261 9.047690
4.531323 7.947838
9.321531 6.964884
8.807476 7.243565
2.592780 6.849701
2.928743 3.379384
7.313956 5.653993
6.656925 2.938265
3.423392 6.951165
8.237315 4.559171
5.989295 2.081147
7.832859 6.857912
0.929938 9.467045
2.619422 4.632679
1.439128 7.426910
4.084410 6.673997
9.866971 4.189361
0.596362 3.057365
5.136056 1.697026
1.921433 3.521095
9.036449 5.595412
2.096542 6.574740
1.649128 6.895143
6.663970 1.335423
4.451666 9.153225
8.260051 6.671398
6.180883 2.094347
9.692348 9.299480
6.365873 1.225270
3.107739 1.769360
7.635745 3.972631
8.015180 1.133330
7.874010 8.485668
8.628698 2.529243
8.993192 8.570632
6.604945 9.317370
7.045197 8.623495
5.079819 6.525194
8.938074 2.212374
3.364370 4.974515
6.665745 1.181595
9.068262 0.273629
8.884146 5.841958
5.796312 8.620066
7.444714 3.314994
5.112259 1.737860
8.219275 1.355373
9.762126 2.056339
0.890472 6.155484
5.215054 9.406448
4.175165 1.992277
4.202687 4.557232
3.395050 0.601001
1.015673 0.412995
1.199305 6.712520
7.317612 7.112279
6.076633 9.963973
4.487350 8.891737
3.418978 2.757811
0.528741 6.553188
9.430671 1.291858
2.263203 7.659768
7.723204 3.883426
8.741335 5.618242
5.785234 2.422993
3.242378 4.650706
4.410170 1.720260
2.406935 3.361461
6.071759 8.058044
1.550072 2.064943
5.501349 1.166742
9.439327 6.767549
2.200052 6.272144
5.923882 2.688047
8.011291 5.769529
8.467263 9.292079
1.975908 9.081859
8.798368 4.167608
4.994488 2.352889
4.998452 8.982840
4.588565 0.005454
1.659698 4.536507
5.071685 9.817541
3.416038 3.354559
0.079488 5.961311
1.751416 6.054745
2.105834 2.753930
5.295797 6.458259
3.958069 3.269274
6.684028 8.462540
9.906164 2.891034
9.612759 1.636717
8.299314 6.573479
0.463225 5.418017
0.612841 0.014807
8.867664 8.825427
8.954404 6.671482
7.603247 7.771964
3.403604 4.374456
1.483600 4.867793
2.996290 8.643004
2.964542 5.059540
5.682743 9.864789
7.516012 1.621036
4.746251 0.242380
3.682254 7.638994
8.565314 7.225617
0.946195 2.696239
5.694892 4.053746
1.308755 6.248412
7.063617 8.206723
0.388859 5.560229
0.775995 2.145362
7.091215 2.042680
1.318017 1.908323
3.178042 3.356711
6.246706 8.387878
5.066344 0.044390
6.063363 6.945789
7.876247 6.087851
8.508721 6.079996
6.484524 5.401140
6.963618 7.528204
6.520627 2.170157
3.833012 1.431598
0.868493 6.766038
6.798005 4.073168
7.729634 1.954863
5.388822 9.938464
5.756416 8.080540
9.631484 6.349504
6.105459 4.448787
0.770611 1.653750
4.569588 1.065332
5.032665 4.002468
9.482042 4.686193
0.844388 1.625033
1.926318 5.623621
6.202965 3.227899
1.305485 1.278812
2.993303 8.441541
6.976277 0.280852
0.276533 7.697133
5.711230 8.634789
4.906371 1.376782
9.570531 1.913143
4.188321 3.109514
1.600427 8.384410
6.774763 3.444521
2.063122 4.898210
4.215278 6.172161
5.502694 3.782289
8.924213 9.242883
5.140266 2.447404
3.526247 5.633738
6.229037 1.421618
3.140948 9.905319
8.689618 6.403906
0.443275 0.115931
8.455160 5.882081
0.139219 9.852200
5.928632 2.526405
1.295697 6.782305
0.193041 4.434368
8.427478 0.620786
3.548085 2.662829
4.164559 3.745778
5.293192 2.671601
1.602477 2.836870
9.271948 3.633356
5.808863 9.554022
4.449413 1.277198
5.872820 4.490422
0.521434 3.738201
7.951746 4.997526
3.414000 9.097367
9.450118 8.125265
1.326468 3.941507
4.903398 1.412066
2.600357 4.195451
2.948602 7.150789
3.311031 8.497804
2.592568 3.295199
2.411502 0.110203
2.183540 8.757777
1.963270 6.684919
3.434932 0.902527
8.764766 9.420638
2.655593 2.549903
6.217421 6.187124
6.993131 3.551278
6.334191 8.746576
3.700114 7.821891
2.521637 1.152111
3.524161 0.572699
5.353446 5.362930
4.760949 7.269125
2.189154 3.109511
1.552765 7.319280
5.138351 0.265218
7.510647 1.436765
7.713565 1.886035
8.587583 1.502552
3.396561 5.997177
4.561308 1.903251
7.944890 9.759560
8.929288 4.539664
8.139634 2.836092
6.200033 3.958087
3.575520 3.757678
5.298797 6.885826
0.073034 7.485720
2.492549 2.275685
7.441839 4.996243
1.854309 5.375480
5.688801 1.674349
0.779206 6.122969
8.746881 8.833273
0.826378 8.940358
0.600637 4.899835
1.523828 0.976329
9.153429 1.687609
3.645715 3.531738
7.919623 5.103973
2.475133 9.555544
0.028022 0.968675
0.523137 2.370582
2.372779 9.288510
1.989135 1.397078
0.685340 8.501455
3.949895 5.877440
2.128553 4.587459
1.426749 9.365936
3.286361 3.869518
4.983338 4.961981
6.021912 0.282703
1.395352 1.673458
5.813075 0.356837
7.357407 5.945500
6.021292 9.857119
8.592388 2.267709
3.385839 5.792208
9.635708 7.341795
3.543305 2.321940
4.838776 5.315264
3.642443 8.544998
5.781553 0.563136
4.618761 7.515916
0.007943 3.492737
2.429422 1.303563
8.983691 8.887420
0.859769 0.139401
2.914032 6.142110
0.440555 4.400308
5.980925 1.405916
9.229124 3.882011
4.960677 4.102835
6.345584 0.237640
4.008484 0.594272
7.932463 0.912114
9.898909 0.956358
3.504244 5.829025
8.416949 3.669942
0.719417 1.238288
1.901327 5.597801
2.242764 4.128177
2.265913 3.198359
4.812671 6.567203
4.985446 0.393520
3.896394 6.697345
2.272595 5.510671
7.841420 0.743363
3.703614 6.634004
7.699795 0.462331
0.392014 8.582629
8.244619 7.306381
8.350975 4.833389
4.771920 1.656037
3.016470 7.818829
1.065842 3.602539
7.880485 7.309846
6.580649 0.969354
1.934062 5.781073
2.488592 5.767356
1.948955 6.080336
2.206226 0.047296
4.902568 7.466650
1.992554 8.852098
7.211034 5.848806
0.884872 2.048402
7.496816 8.994459
9.874870 6.933428
0.120971 3.155807
9.648127 6.070515
7.145438 3.372509
1.751666 0.243340
9.814670 5.166315
0.259901 8.156050
8.725000 1.077426
8.291849 1.105979
8.197142 9.367886
6.060926 5.980303
0.947147 8.705939
0.709696 7.856881
0.605119 0.236935
2.164761 3.144097
2.842332 1.080973
7.910860 7.830096
0.416080 3.064341
2.373033 3.563586
3.190531 3.248274
3.733401 7.277219
8.215834 3.528601
5.191495 3.456183
8.074227 3.540744
9.285439 0.380178
9.652993 7.845508
9.455520 8.922262
6.452588 8.638527
7.716897 7.895525
0.083807 8.546894
7.652172 0.059390
8.167857 7.169636
0.079805 1.280894
7.986017 0.992241
6.600502 4.645199
1.854744 2.683900
8.306125 1.036321
7.445399 4.824610
7.214258 0.036787
8.276284 9.510057
5.520724 6.809836
2.920392 3.035835
3.281682 5.231646
8.280255 6.249577
6.639871 6.306961
1.093372 6.308212
2.122279 9.137308
0.730644 9.936277
9.003864 7.942797
4.594509 9.916492
6.486244 4.299383
9.723314 9.731983
5.440743 2.572923
3.111794 9.913401
4.526352 4.400877
5.540835 4.814133
1.130185 5.018156
0.141176 2.748935
1.344290 3.489294
4.568214 7.966664
5.720117 8.010595
4.069185 0.789367
6.891451 4.615184
7.389600 7.004399
2.936814 9.031417
1.019127 8.465949
7.212013 2.306487
5.122669 6.700180
9.926732 8.579651
8.199840 4.704634
0.790837 1.602821
8.604356 3.414165
1.863441 8.850581
1.714288 2.042593
9.866225 1.648622
8.390775 3.757239
7.924166 1.458814
8.290036 0.639411
6.580081 1.413592
8.240873 4.350832
4.437018 2.953493
9.351224 6.015277
8.752872 9.514662
2.917412 2.935098
0.184750 5.093455
5.701243 0.796266
2.839816 8.784925
8.242398 9.987357
7.508127 9.083194
1.242360 0.344178
4.601159 1.682211
2.915868 6.999840
6.316268 7.508606
7.134571 0.741912
9.319386 0.924375
5.977699 7.178803
4.148771 8.393746
3.686110 2.451271
8.504130 8.912151
6.524189 2.036404
5.835855 3.222665
3.322615 3.195175
1.301985 2.455977
7.608375 3.952029
1.757743 2.379807
7.411275 1.302557
2.076542 0.434450
1.794338 7.432409
6.506396 2.991069
0.897039 6.529752
5.541324 3.036673
7.361164 9.081760
7.142778 8.663905
4.244630 9.503981
3.417050 0.356564
2.770451 2.963247
3.298007 9.601300
9.042213 2.478194
1.006722 9.970298
0.805211 3.182413
6.810709 7.580434
4.359073 2.947005
0.312760 6.558686
1.839039 8.733179
8.540010 1.948929
5.653173 2.873750
9.108811 1.778368
9.030832 1.200164
1.156945 4.774787
9.850976 5.346612
0.505013 7.751229
4.905868 2.929077
8.997387 9.084419
1.822424 9.481124
9.244297 8.896114
6.988023 7.697025
3.898173 6.590788
1.377431 0.487220
8.712312 7.828038
5.832529 7.309204
5.795051 7.428136
4.683492 5.447768
0.631042 5.923085
9.292903 5.825373
7.036379 0.420471
6.854559 4.570140
0.339423 4.680859
1.197163 0.715369
3.207182 3.101003
8.554355 3.038512
8.278610 8.590797
5.519683 9.318058
8.594648 0.252836
9.409836 1.111375
8.877996 2.473230
7.574964 2.425844
1.164802 6.835064
6.919034 8.208053
2.755057 4.251185
9.665764 2.492372
9.302291 3.605368
5.422235 1.496189
6.446642 8.714731
8.483757 6.495974
7.832464 0.221855
8.723993 4.158302
8.586063 5.964405
3.755449 7.826376
7.902330 4.458524
4.413574 8.942837
2.260322 9.230743
1.097819 1.042056
3.830502 9.246842
1.667379 3.630981
5.894927 6.042137
0.198590 7.709898
0.255725 7.967292
6.271863 1.202703
3.832728 6.656730
9.663947 1.958967
4.352519 2.781623
0.730055 0.034511
0.025061 1.201263
9.620602 3.463063
3.702885 4.391840
3.660826 7.505247
0.682657 3.414524
7.906181 9.176806
4.583555 5.809451
9.450231 0.036386
1.538954 5.205134
2.679112 7.843770
0.244066 2.020285
4.923814 4.540130
5.969291 5.870106
8.876464 6.723066
4.575171 4.906865
9.673751 6.725875
1.783361 2.952677
5.640912 6.802629
1.793397 1.627057
5.943240 8.042896
6.955619 3.093798
7.464535 6.434228
0.065448 9.990173
4.839425 6.218414
2.881239 4.987508
5.039840 4.584592
3.230010 6.782103
6.810953 1.694600
1.143545 9.552776
3.514110 1.640049
4.304108 9.147031
4.144373 4.483549
5.014711 2.245844
5.907279 3.641512
2.897894 4.912474
3.954577 4.583009
6.633503 9.285901
8.132432 1.778282
7.585302 6.170694
0.853936 2.095421
7.742226 3.584897
1.364398 1.438023
8.859710 5.151197
6.163675 2.880498
2.522997 4.012309
4.880304 3.270405
5.696784 5.842032
7.027478 0.829519
1.717949 3.567247
4.726376 6.207462
8.807852 3.563984
9.879728 8.595800
9.602281 5.544974
4.373651 7.945155
4.224974 9.129691
2.712296 5.558905
8.511070 5.553385
5.734315 6.628376
3.114992 3.677505
7.831158 8.278281
3.073598 7.955932
5.346176 3.184149
5.988822 4.131434
7.009175 3.195839
2.471935 5.817971
2.636318 8.593313
7.814322 5.309718
0.428429 0.603766
7.492880 2.829394
3.629373 8.866952
6.867674 4.998656
2.411807 5.239684
3.365267 0.041997
5.846234 7.659991
1.475243 4.414440
3.488849 7.077987
9.726521 3.646510
6.901838 9.184620
5.900092 2.841503
7.137905 6.764394
9.168339 2.273552
1.592529 5.634630
1.227569 1.754194
2.736455 1.604638
9.151067 1.978177
7.216234 3.247985
8.880270 0.694791
7.355541 4.581795
6.227576 6.864741
5.707713 9.529814
7.584180 7.315405
0.014741 7.753189
7.844396 0.756524
4.892696 1.548639
7.983831 4.250255
4.038774 9.675409
4.599411 2.300455
3.751621 3.499256
1.991001 2.745913
0.557259 5.843720
5.399319 6.357584
1.907757 3.679491
1.204753 8.291371
3.068768 6.780986
8.038311 9.894448
5.993515 3.000340
6.707763 7.377355
1.205872 7.082562
6.613477 2.715630
1.591561 9.359147
9.189480 7.594317
7.681611 4.840733
8.195954 9.405636
0.516976 8.821299
9.574658 1.279506
4.650680 3.976980
1.103686 9.652352
7.076659 7.405169
8.667081 7.630565
6.902865 6.445286
5.914952 2.599338
7.071355 8.268145
2.705826 6.822382
3.782346 9.892882
9.674922 6.410994
9.574233 4.127222
6.212229 8.941186
4.507625 9.657098
6.845049 4.741749
4.568277 9.024163
9.106051 5.401730
6.875010 8.298486
2.656708 1.283726
5.590143 3.534756
8.640913 7.832127
4.559321 8.503516
8.595588 6.042614
8.212793 2.404957
0.105653 5.702381
9.922973 5.409503
7.519731 4.126803
9.183524 7.484410
0.479868 5.146620
9.244474 1.875691
4.739347 4.199238
6.589897 6.405743
1.329258 0.843059
9.298671 2.762704
2.764942 0.385125
2.802061 4.245055
6.631691 8.826845
2.791647 9.205097
0.069376 5.997771
4.544625 1.505807
8.093882 3.867842
6.817331 8.877745
8.252078 2.668929
6.695318 8.216150
8.825566 1.281888
4.694298 7.070015
5.734697 3.052338
0.646878 2.082016
2.445942 8.954422
6.963328 2.647367
4.294429 6.467024
1.264739 6.471658
9.161532 7.861582
9.605977 7.662632
5.852009 4.719258
6.562546 6.710014
5.205406 7.266461
7.402912 0.747618
5.208610 1.112351
5.277605 0.700639
5.635251 1.671781
7.617093 0.482871
5.619189 1.701721
0.822740 7.786126
1.423998 3.140895
9.017495 7.042931
0.536156 1.172309
3.000519 9.725063
9.140818 9.725737
0.467922 4.366517
8.050735 8.702450
2.073442 8.332822
9.746489 9.237546
5.434656 0.265841
7.991407 1.581135
4.136836 7.796701
9.161236 2.886515
3.664811 4.471419
1.136148 5.241779
8.586981 1.388379
4.482188 2.127198
1.822821 6.146999
2.609214 3.061134
8.478385 6.208474
5.816352 5.431310
4.034082 0.822000
5.345643 4.217478
3.144946 7.113795
1.553030 1.771936
0.932159 6.801174
7.330202 8.701146
0.163443 6.979538
5.090951 3.606725
8.225848 1.834124
6.117869 3.017615
7.055732 5.687586
1.260282 1.558747
7.868716 9.502276
4.754225 4.253536
9.174763 0.239099
8.533743 6.614843
5.662466 9.071018
6.607770 6.789778
5.806737 3.826333
9.185027 2.757165
9.674584 0.740946
3.077479 3.183398
3.364654 9.733025
2.956314 6.773543
2.934972 8.081648
8.259025 9.439063
2.332815 7.627778
0.072375 6.413129
5.460640 6.977950
8.408197 6.564097
2.776676 7.593352
1.464670 6.705299
5.963887 5.053778
8.852007 5.680901
8.895846 2.488330
1.361110 6.174230
0.283940 2.181954
2.092633 0.880666
1.347722 1.156957
4.975612 5.110619
4.179179 9.467398
8.558541 3.398590
0.093929 8.666022
9.830192 6.042134
0.144432 7.468404
1.466895 4.108379
9.522580 6.005134
8.283984 8.912889
8.932819 3.884127
0.518142 8.420328
0.449860 0.795506
0.070547 5.675925
5.266864 0.191615
0.466582 1.843557
4.657883 5.038077
4.964288 4.793981
2.431298 2.829665
8.186511 0.690232
0.734682 7.797472
2.118807 0.794699
6.504396 9.389335
6.557425 0.639440
7.064924 0.179567
7.990583 7.726505
9.367375 7.475086
3.765198 1.684487
1.165213 3.739565
0.871112 0.779347
8.487942 6.835702
7.649534 5.723243
0.544159 5.687561
0.841963 0.863971
0.764244 4.652725
8.345385 0.885026
4.640026 4.919982
0.140851 7.279555
7.476424 6.265931
1.510020 8.910471
8.282344 1.351000
6.250449 1.289112
6.108052 8.023351
8.452144 5.181922
2.563093 7.902382
5.336017 2.430381
7.411561 6.113113
3.093402 0.801790
5.684426 8.142557
1.959864 9.434871
1.883909 2.858563
3.876743 6.423623
1.828419 0.241402
7.236234 9.392501
9.765466 8.184398
5.184186 0.620457
8.020164 4.892308
5.013386 9.984598
1.138063 7.419114
3.049153 7.110051
8.634578 1.347095
0.621490 5.382103
7.006146 2.304091
4.850756 6.649865
4.288472 6.355317
3.809305 2.988322
4.720521 7.795173
3.467735 2.220309
6.728364 3.607322
8.261758 5.370615
3.934626 9.254783
5.139610 1.431398
7.512546 3.362482
3.235848 4.896599
7.138231 2.255766
2.657390 2.747870
3.457593 1.766760
3.940656 0.609161
8.165046 9.927793
6.421504 6.210847
5.713696 0.083085
6.401621 2.051020
1.496195 6.547133
7.659931 0.456094
5.563668 8.563792
1.657808 2.776866
0.781267 0.751914
7.421189 7.922124
7.132593 7.497374
8.364423 0.860968
0.293319 9.818413
8.075454 4.154775
9.296385 4.350414
7.408468 4.127473
0.435573 0.677801
1.807641 1.027788
4.029374 1.687467
1.254524 4.791327
7.825533 3.729166
6.101086 0.955345
6.486430 7.431730
5.092262 5.650085
0.983043 2.004352
