0.468871 0.318145
7.055150 5.914094
8.185827 9.188444
0.170471 5.103868
0.711930 5.407253
9.704985 1.680454
3.392221 3.055494
3.691192 7.856447
3.301864 4.434551
1.502302 9.186992
5.767069 7.126659
7.756794 8.430903
8.182010 5.041564
3.574402 4.981827
9.568152 1.937614
5.474043 2.244806
8.456589 9.889156
7.042837 8.953821
6.862302 4.716478
9.841391 4.260758
0.557446 8.987416
1.498061 7.903403
2.492748 5.623415
2.730718 5.172812
9.448240 6.561283
5.480753 5.008934
5.161847 5.160566
3.633120 1.846920
1.179530 4.367158
8.820915 3.114225
0.781527 5.125368
2.052581 7.732219
5.412814 3.157312
4.947335 9.862955
6.685753 7.442959
3.812635 8.950697
4.359261 6.095475
6.649552 9.023752
2.200611 5.665118
3.631078 7.527586
6.140122 7.024854
6.713919 0.829121
5.043152 0.249252
9.171289 1.855949
2.941752 2.032332
7.408344 2.033371
4.869600 3.361742
0.791843 8.498073
7.119888 3.959506
7.422232 5.452017
2.047366 0.078293
5.862412 9.557686
6.026816 2.702042
3.211531 6.209388
1.179359 1.478680
2.169445 1.857963
6.777338 6.721056
0.785683 4.975713
6.811759 5.232810
7.840230 0.751216
5.685313 3.062669
4.283802 7.865051
7.908907 4.992294
5.479967 1.809528
2.736010 4.116524
6.426127 3.918007
9.943012 2.210574
3.109975 9.346889
3.171736 7.366619
0.758597 9.747041
8.511246 8.505961
9.680270 6.292227
3.463762 5.445491
2.373792 6.330194
1.576683 9.317998
7.588099 3.177903
1.009348 4.117908
9.683592 2.132276
7.166873 3.634608
6.854048 5.981717
4.716848 6.068442
2.301894 7.932050
3.964881 7.750508
2.780005 3.541640
4.335391 4.916022
3.575467 2.876194
0.197719 3.058387
2.308676 1.911770
1.119393 3.640561
6.908779 5.842054
7.393439 1.536492
3.822815 0.047416
6.922398 4.739014
8.614106 7.278145
3.779665 4.835614
2.159425 3.454532
0.313235 4.537044
4.091028 7.910731
5.657495 5.526092
7.026899 1.096411
7.378480 0.120406
3.662812 0.887999
4.594959 7.467921
3.351889 5.206609
7.476103 0.856345
2.590856 4.511770
9.311158 2.636500
1.660859 4.050385
4.815752 8.347636
8.722470 8.545961
1.966720 4.655149
9.093220 9.748238
8.637928 7.658839
2.107093 3.903988
4.329853 1.837012
4.661080 8.779329
4.178753 2.303844
0.705676 0.291131
3.041678 1.485946
4.297354 5.634467
8.480435 0.675178
7.712312 0.821832
2.523063 5.114184
4.085497 4.943717
9.048857 4.141387
4.291322 4.241035
9.081437 1.708225
0.139196 9.464951
7.438875 5.175063
7.287170 5.459397
6.092501 6.666758
8.201287 9.034625
4.943594 6.980035
3.442469 7.580452
4.665163 7.389899
2.036911 4.365346
8.365694 2.226956
8.454950 2.348006
2.935605 8.712910
7.875061 6.152680
8.085519 3.315407
2.041492 1.349349
8.503387 6.422675
5.891114 1.951138
2.782329 2.609857
3.873889 8.455727
5.409512 7.665615
5.991174 3.666730
6.722869 1.261174
6.545853 6.156120
5.914013 6.824351
6.874818 5.068622
8.326919 0.523310
5.267200 5.823548
6.374308 2.989461
3.879316 9.669791
0.184362 8.570255
0.270204 1.316269
2.541359 2.620215
7.950186 8.770188
0.555264 2.321893
4.060522 5.197611
6.249204 0.375880
7.407465 7.261647
6.502125 1.208471
0.773346 7.631165
6.982837 0.539525
7.789673 1.036749
4.634780 6.752176
3.819280 0.634473
3.588243 7.608209
1.175625 8.727399
1.391758 1.276975
2.125085 6.305192
1.356848 4.536029
7.032439 4.201561
5.629079 7.939048
1.573219 1.085115
7.521641 6.217578
8.837759 6.211219
1.961799 1.960871
6.354543 0.797340
0.892510 0.423946
5.258839 5.314158
5.056303 1.290338
6.706351 3.643342
3.655682 1.050633
7.982910 8.774471
2.531878 3.267354
4.415047 3.692869
6.046168 7.945599
1.688512 8.825976
8.171754 2.670712
6.659356 3.791834
9.362122 9.176970
7.339454 4.210790
0.752336 4.507340
4.866264 7.303415
8.499820 6.476521
0.887453 5.429732
7.510360 6.627227
3.796617 9.747386
4.322012 0.052145
6.407787 5.669175
1.826851 3.882973
1.119547 6.227880
1.986161 1.405518
2.540552 9.057508
9.540223 2.527090
2.809147 3.337820
8.738575 9.229942
7.638107 3.669385
1.353444 7.336461
3.900149 9.811926
9.034408 1.290714
3.032797 2.214388
7.217879 0.884773
0.379272 4.432739
1.047395 3.561234
3.664705 2.695303
9.950507 8.169960
2.526042 5.191520
3.884442 5.821995
0.263975 6.620658
3.403409 1.099668
2.126907 6.932827
0.021589 2.847853
3.872207 0.180777
8.319264 1.869695
3.967564 2.846752
5.353687 9.412606
7.674046 7.687042
6.113416 8.188838
9.794138 0.085494
6.897447 5.397454
5.002722 0.751742
4.521128 6.594727
7.580454 4.690990
1.464600 5.534474
7.910781 6.497578
4.792271 3.702184
2.601572 4.613744
3.199466 3.431917
0.226707 0.271161
7.403372 8.464887
9.359987 3.296354
1.826689 1.162761
2.530522 0.486045
8.959808 7.496811
8.896160 7.760251
6.530581 9.475314
1.599305 9.520747
5.190135 0.604594
1.409651 2.008893
3.457247 5.945037
8.241568 6.034193
6.677913 5.690572
1.441162 1.602630
5.405406 8.658639
5.744047 0.195659
8.433668 4.664774
0.849794 2.484249
2.777853 7.382953
5.285013 5.210895
9.514466 9.634954
4.671372 1.756568
2.641625 7.794200
7.123928 1.857329
6.134024 4.536826
0.439870 2.901807
0.662585 6.066547
0.455302 2.256805
0.124124 6.152693
8.303562 7.958184
3.205768 9.342024
1.398621 6.625606
6.554122 5.122150
7.980196 3.153938
8.241768 9.395853
6.104055 0.844614
5.432327 1.114116
4.944710 5.732642
8.505883 8.380858
7.073262 0.312118
5.764088 7.029365
2.536488 0.759053
7.409056 4.005838
6.116390 8.159423
5.417654 4.507177
2.124765 0.931607
7.511508 5.921809
7.851860 6.216353
8.251747 7.105555
3.058617 6.172867
7.379288 3.691174
7.556697 5.404578
4.750711 5.202249
4.201799 9.630233
5.317858 7.238138
1.378559 9.444095
6.911997 9.927352
9.009071 5.456319
4.356992 7.956639
7.223396 3.616057
5.069732 6.985140
9.240999 3.467419
6.911056 4.123643
6.068851 9.185264
6.732100 6.401804
5.128036 6.892981
0.335607 0.545798
3.223154 1.557364
4.625103 4.109892
4.951784 4.640235
8.428700 1.162031
0.257601 9.503568
6.473808 5.292435
9.952812 6.912210
3.515664 7.769557
2.940492 0.855977
6.407320 7.820736
3.102145 7.753769
7.594252 6.586859
5.334927 4.123486
3.425182 7.035807
0.810316 8.973742
1.682910 4.669431
9.134696 6.833087
3.690227 1.644045
1.458348 0.453571
3.167521 6.527020
9.622998 3.733724
2.707154 9.133248
2.501140 6.653023
7.365500 1.957702
3.095474 5.626003
6.226548 9.584196
1.586871 0.534461
2.679394 2.582871
0.320921 3.711033
1.338198 1.085400
2.325388 2.796563
1.828469 1.075693
9.164451 6.919847
1.869529 1.171907
6.233449 5.576545
4.998982 7.889170
3.276094 1.306058
0.923325 8.325010
8.436135 6.120347
4.675187 5.871437
1.248140 7.490474
2.388666 6.308968
4.821893 1.559994
8.818810 7.745845
4.416996 6.445676
2.481902 3.326613
0.385103 2.420839
7.039394 1.096447
7.978919 1.699512
3.703131 8.526120
8.497413 6.016696
2.614845 7.707687
3.096358 0.495322
4.870241 4.135835
0.972512 5.008820
3.237499 2.649217
5.396499 8.952482
4.371195 6.682423
1.490680 3.857642
5.381260 2.836114
6.561768 3.634655
7.653511 2.566776
9.800510 7.179418
4.475196 4.612933
9.572427 3.781336
2.907861 2.420960
9.072607 3.298428
6.685573 4.417285
1.303739 1.933136
0.218259 8.281492
7.028118 1.575124
3.101069 9.674621
1.357507 5.624429
9.770680 5.822047
1.135989 2.561013
2.948408 3.897367
3.052500 3.365368
1.732728 1.954607
1.077745 3.663243
8.120738 5.241871
0.126428 4.871307
2.049063 8.608148
7.138420 5.418950
6.285223 5.750942
6.081413 0.301105
0.674994 4.631696
4.917663 1.156140
1.249256 6.245507
8.228794 1.347023
9.411533 9.640056
0.423335 4.993695
9.035852 5.559659
1.190806 3.870089
4.584963 9.466609
5.299341 6.024051
6.225226 7.372021
1.559586 1.957432
8.566980 5.231027
7.875019 5.444863
1.807959 6.370067
1.723560 7.880397
5.834575 1.707584
9.366120 6.384194
9.156820 8.681969
7.857199 5.949825
8.707836 2.595342
9.905689 4.916434
0.498908 5.149719
1.333892 8.724590
4.189908 9.776771
8.198235 7.735044
2.888274 3.218590
4.836249 2.841715
0.696946 3.573552
0.688607 3.421044
7.493742 7.324613
4.766793 5.484190
2.777010 3.199067
6.720805 6.573375
8.707379 4.915247
0.558806 1.857710
2.537950 5.331974
4.494756 3.372253
7.454598 9.420760
4.712519 3.311383
4.408200 8.614796
8.878468 0.404629
0.600224 7.971463
6.381496 3.808802
4.537643 4.163018
7.836426 6.814788
6.140368 1.167742
6.242072 0.506425
1.490485 0.586376
5.216572 4.923543
9.979627 7.584762
7.092810 8.858090
7.926154 4.867706
1.538550 8.414584
3.917230 6.885968
2.457103 6.526744
4.985796 6.278872
8.997700 4.343582
2.585301 1.145532
2.959947 7.824310
3.182051 0.738229
7.410614 0.189582
6.309646 6.213252
6.126014 9.921318
7.599361 2.458721
3.730969 6.391248
7.710662 3.096762
7.277810 8.148201
6.820155 6.349839
1.752106 7.647555
2.454521 3.137431
0.803708 7.928676
7.252818 8.107041
5.045889 6.263685
3.758276 5.343316
5.113884 9.055646
8.238033 6.620389
8.874602 5.443181
3.551166 4.447488
8.931988 9.925093
1.034588 8.323714
6.661063 2.478530
6.655404 7.368891
8.946505 3.915128
1.564311 1.373167
8.810826 3.556405
2.493673 1.156331
4.463468 7.499719
7.778567 4.369702
1.588266 3.988289
1.176768 7.944266
9.276765 4.585093
1.659010 2.979934
3.742957 7.886682
1.458237 8.596452
0.565773 8.940116
6.533194 3.395959
5.881830 5.916267
4.692474 6.408883
4.088222 0.749734
0.784546 5.859024
2.610440 3.672817
9.027994 3.497113
5.976788 1.883104
9.326380 8.464154
7.041281 2.817817
9.049554 5.855114
6.898835 8.726765
0.733887 4.432460
6.353373 1.142040
4.260612 8.105679
2.144524 3.018776
6.576575 2.500284
2.279114 5.063796
7.222958 6.263183
5.317771 5.784937
7.442057 8.647870
4.755501 5.706710
2.667354 0.211981
2.756363 6.200003
3.446478 4.950309
9.837766 3.339673
9.891516 6.711024
2.179158 5.106008
6.669636 6.567232
5.465437 7.606067
5.170804 5.709936
6.887266 4.277568
3.087732 5.516449
4.952184 1.349312
7.882208 6.268430
3.496691 8.890168
7.046696 3.819239
9.942700 6.963150
9.653781 1.090464
7.431284 7.589278
3.003348 7.272761
3.295880 3.851775
6.787399 5.819312
5.174618 9.800230
2.465126 1.373130
8.191056 7.078962
6.108208 0.652384
4.625937 8.121754
2.315409 5.072774
8.105888 5.657860
1.647252 5.361762
5.131006 6.819660
8.032131 6.021623
5.423232 8.267316
8.772854 5.359663
9.851455 3.409024
5.472846 2.129941
7.925771 8.426370
1.992775 2.566258
1.099153 3.466560
2.477979 7.396261
8.957872 4.957976
8.703554 0.628746
7.328597 1.736721
9.075819 7.294820
4.031931 4.660652
1.572417 7.606541
3.142901 2.731694
1.580560 4.474948
0.451105 1.722826
5.539152 6.527208
2.787121 3.146093
6.382864 6.795083
4.967553 9.662464
7.033389 0.174085
5.839389 2.616903
2.281456 4.429260
2.566650 7.693026
6.683827 5.074035
9.305409 6.010737
2.451641 4.733607
7.730002 8.136443
9.195409 7.246146
5.976614 8.955337
2.355213 4.069174
0.613430 9.921973
8.607541 6.934634
0.396902 0.734305
1.468444 0.140292
7.882746 5.315712
1.179785 8.642625
6.599199 2.745687
6.762096 0.539493
7.266480 7.735611
2.418992 5.990857
8.329459 3.212867
8.655650 5.501887
0.210895 4.507305
4.277878 8.292503
2.091697 5.159603
7.446545 4.078104
0.696113 9.577812
4.292827 9.535469
2.635826 0.329293
4.433066 6.537906
2.581128 1.022438
4.108852 7.478241
6.797537 6.206101
5.944992 7.484993
0.276213 2.311417
7.982319 8.832321
4.818088 7.602357
2.806459 8.160495
3.433408 5.287837
2.684086 1.429785
0.398325 4.641594
1.265263 5.274054
1.027234 4.723508
7.995853 6.302222
1.438464 6.269560
2.498255 8.170623
3.652400 5.888034
0.190741 5.782044
8.807042 9.947902
4.382051 9.124404
3.862265 3.088341
5.750053 1.133204
5.756508 9.621708
2.052725 0.149550
3.489437 6.973179
8.213582 5.679575
6.609634 8.113569
4.757734 3.231567
2.954030 8.382149
8.784393 9.290206
0.488389 8.360334
2.129793 5.437846
3.878897 2.616902
2.275821 9.722052
8.530818 7.464931
3.091416 7.423421
5.433285 7.228141
3.358229 1.754722
1.608506 4.156655
0.900360 2.354226
7.484237 7.571198
9.127657 8.526480
4.554162 1.795562
8.017639 2.458281
6.333719 0.820029
2.228283 0.751572
1.668025 4.494060
1.660248 3.785397
1.168202 3.963098
7.795940 6.365044
7.287523 1.406968
6.919223 1.375307
4.782541 0.169024
0.787652 8.065681
9.895406 2.091104
5.184504 5.958667
7.314700 8.170470
1.095369 9.861892
8.819873 5.610942
3.095234 1.602544
3.965041 0.444109
4.140550 0.225379
7.951295 7.416122
2.758626 4.221757
5.067323 6.502384
5.562672 1.821780
8.652168 6.983732
5.592059 5.732987
4.308980 1.020010
3.307563 0.211936
2.015285 0.886843
5.178519 5.369317
2.108056 0.094320
5.236807 5.010984
9.602489 9.035691
2.857918 3.030961
1.356814 3.972921
2.888582 8.398629
5.752088 5.336316
7.459762 6.224978
3.205262 0.841178
7.683896 3.236744
9.953829 4.004218
8.891190 4.232698
8.963600 1.225762
1.374342 8.558086
5.757314 3.174475
3.409697 6.773889
8.749887 9.342861
5.457363 1.900581
3.062540 2.113628
3.751777 6.109115
5.897213 4.452705
6.616751 7.734380
1.719184 4.325753
2.924892 8.651945
3.244763 4.729151
2.846361 8.794954
6.800009 7.745887
5.116986 1.185448
3.821919 4.994412
1.086817 6.130464
4.709868 8.756723
4.249457 0.632125
4.128942 5.126438
0.037969 8.146262
4.223484 4.092979
0.697270 9.021096
7.566044 2.505558
0.918067 9.960214
1.308436 0.889306
6.563186 7.462350
9.711025 3.194411
8.473157 8.344409
4.476339 3.828783
0.357521 8.860761
2.817269 9.835961
2.994022 0.533281
2.858958 0.503643
4.730355 3.078935
7.654106 2.566841
0.893933 4.323799
0.094759 2.622864
2.483166 4.569258
5.511192 6.610554
3.573466 9.242920
5.760819 2.078626
5.472244 2.002698
9.343291 2.695502
3.308567 7.088719
0.101636 8.203625
8.322999 4.640072
5.697454 7.104725
9.112262 9.780530
1.363296 2.915590
2.322646 6.703317
2.655955 8.642731
8.385490 4.930453
6.120833 2.845604
6.060747 2.980299
9.882196 0.073835
0.941127 7.519437
9.169816 7.094648
9.741491 5.245812
6.361460 7.064629
5.227119 2.193624
8.234673 0.150395
7.694924 8.581682
2.321792 2.361026
1.766916 6.553490
4.499732 7.001861
0.274336 0.763714
5.735203 1.558819
9.068811 9.506710
9.274330 3.664765
3.702948 5.440730
2.355193 3.730527
8.973337 4.879682
2.816332 4.096271
6.032910 5.113762
6.992145 6.984811
3.721139 1.180820
6.033365 2.772099
0.663977 9.460739
6.634730 9.905644
4.165963 7.340403
0.155374 1.372742
1.674195 8.193531
8.668523 1.860534
0.002689 5.186482
9.204379 8.000332
1.574676 5.577268
7.137368 7.737068
6.906605 9.314666
1.597862 5.264637
2.754099 8.141621
6.228784 7.165326
7.630244 1.506896
6.401872 6.269511
1.679382 5.371849
4.667539 7.324731
6.754690 6.082378
6.528847 0.332576
9.599108 2.206702
8.039897 6.553332
1.845889 3.853279
2.065633 7.090480
9.692669 4.688327
6.709899 3.269867
6.656075 8.650680
1.983492 6.543126
0.315980 0.673569
0.667510 8.841124
2.771686 3.718309
3.619895 9.579441
1.673066 9.225777
7.631313 9.469822
9.302463 6.492907
6.289170 2.079813
5.412815 3.186974
3.475552 3.607126
4.969753 6.630789
3.667951 7.249792
7.256538 0.628853
9.135628 2.496626
0.788661 5.023779
4.659377 0.147183
3.703854 0.681019
5.890044 3.974438
8.375232 2.521095
2.039869 4.077426
9.296067 9.004847
4.468411 0.580307
3.222467 9.999304
8.304196 8.614021
5.850459 8.656352
7.312739 5.202359
6.055083 7.778465
2.658154 5.589377
0.660378 8.979418
7.077116 5.092307
6.397973 0.734078
7.648941 5.753544
9.817355 0.291830
4.784911 9.990921
7.415148 6.397914
9.737155 2.365487
6.747603 6.963551
6.401128 3.763756
7.447708 3.627514
7.621738 8.556070
1.870857 3.490129
8.597763 2.605689
3.820684 4.237081
2.618970 7.026779
9.070477 7.506642
4.126703 7.489663
8.760922 4.819986
9.498568 2.431281
2.538994 2.873059
7.508566 6.468782
0.822275 9.974627
3.557653 3.468812
0.320822 2.063270
7.372282 5.940866
8.126613 3.982398
2.161379 6.302195
0.986961 7.854562
1.627217 8.644512
8.310474 4.132575
6.186831 2.076527
0.197389 7.514735
0.147200 3.993900
5.471448 8.623285
1.548327 2.729050
7.148540 5.513346
2.803833 4.020868
8.723571 7.055403
0.151056 8.798194
1.241720 9.592390
9.303186 8.646632
3.951133 6.696756
2.375682 8.085296
9.575185 0.132538
7.565872 9.605341
6.959915 5.295968
9.329049 3.334138
6.857508 4.138919
2.812895 6.325301
9.326708 3.979553
4.351342 3.000474
8.970523 7.582663
1.816625 2.008703
0.277158 8.195581
3.131001 2.726088
7.366336 6.004391
5.802255 8.502225
6.896822 4.894231
7.344900 5.741196
2.284583 6.979103
7.783626 9.404691
4.648621 9.378949
2.003642 5.204524
2.438465 3.278741
5.792080 7.495665
9.649005 0.824004
9.029866 4.965378
3.115354 9.762586
9.776818 8.972341
8.137669 9.810692
8.303138 0.843702
0.094834 3.879936
0.082697 9.896108
3.895382 9.684227
2.797974 5.549177
5.011642 0.667332
5.845190 0.106384
8.000973 2.349395
6.280960 4.096540
0.546690 8.217695
4.805668 8.861897
1.897644 3.701942
8.545321 1.208905
8.073079 4.241544
7.622901 8.104071
5.119680 6.459429
3.618770 0.662246
0.369968 8.045446
9.810939 2.452601
0.863597 4.480609
5.593380 7.944301
9.867108 6.480453
6.968463 8.959385
0.375675 3.978106
0.033638 5.362045
9.893665 2.825257
4.094899 2.972904
5.597887 3.690564
7.303605 1.694466
8.886263 1.423920
1.827082 7.769000
3.577494 6.938510
5.536165 6.321910
2.345339 8.120797
6.238090 3.571481
5.872769 3.624356
4.549798 8.453247
3.728148 8.975034
3.390441 3.140137
6.280549 7.184995
8.210603 5.601612
6.287665 6.786866
6.850606 8.130917
6.325207 7.759947
1.429745 9.721892
5.830564 4.297266
4.143152 3.954905
0.081033 1.929674
2.024743 9.850108
0.762564 6.413697
5.013585 3.317536
7.820521 9.501624
3.794334 1.365776
4.593667 5.767356
1.949816 0.549493
5.322812 0.498810
3.506964 1.552161
7.167462 3.527217
1.933639 8.665025
3.070101 9.184203
8.903005 2.797391
5.755649 5.200449
3.947403 4.002607
1.823849 3.423161
3.068895 8.917507
6.539096 2.591354
2.893028 3.128481
0.376039 0.087135
4.484929 8.208391
8.427140 4.947764
7.066971 4.588983
7.029933 2.086068
0.537390 1.911092
9.723808 8.044135
7.779397 8.317466
1.657405 6.013239
4.509376 9.076420
7.390679 5.147880
0.414177 1.069595
6.687458 6.114080
9.345718 3.488026
3.252549 5.593011
1.732747 2.270792
5.204386 0.118259
7.586068 9.038262
6.077555 5.473802
8.183625 2.182944
8.731416 8.902880
0.706655 6.750925
2.794678 0.151161
0.562805 9.066813
5.924386 1.148431
1.675652 2.678875
3.846374 6.003394
9.045920 4.782433
8.345950 0.375282
7.361929 1.933676
9.290821 0.831641
7.385766 2.567553
2.865695 3.732188
6.887962 5.970164
0.543218 9.867808
8.249277 5.602006
2.906582 0.925054
7.383693 7.720487
8.233232 5.923008
8.002570 9.190241
0.386909 2.773221
9.520127 4.769090
4.093548 0.254989
5.598733 7.897615
5.219666 6.923740
7.297741 3.134650
