5.858779 8.499797
6.080350 2.444618
6.688323 0.640682
7.949669 0.082605
8.348914 0.190044
4.068082 2.253394
2.794013 8.970097
0.417152 1.079312
9.999914 8.562374
7.823696 2.858366
0.557267 5.986160
9.387063 8.374448
9.340158 0.043212
6.261945 4.503386
8.406615 9.975573
9.449017 9.632259
9.371486 6.569639
5.920175 0.379113
1.749390 2.001352
6.720467 0.880474
8.120283 7.603882
8.452845 6.969217
1.625815 5.078140
8.299706 3.166647
1.842090 0.009594
1.243477 9.118621
6.655002 0.621465
4.957836 6.342651
0.939574 1.427104
5.337925 4.510982
6.066672 2.553004
8.330161 5.018632
8.147552 5.906205
5.588896 2.574252
5.452086 3.214278
2.362505 6.615951
4.292356 1.621914
9.516723 7.563809
4.938673 4.273469
4.189464 2.329198
6.839038 3.710443
1.422735 1.915468
3.274539 5.184925
3.032374 5.113758
6.928830 2.844105
0.874082 0.701252
5.946415 1.392281
0.073032 7.445179
1.126807 8.240116
1.634156 5.261953
7.645724 1.684368
9.169567 2.918967
9.070005 9.582208
8.170074 4.432781
1.742846 2.009089
6.753635 8.346025
1.647223 4.883258
2.910639 9.110261
6.163065 2.632728
8.258580 1.959480
2.984065 3.177410
2.727797 6.092007
8.355858 6.908680
4.186933 9.782003
6.122954 8.492916
0.432048 1.433673
5.743577 2.303783
9.674238 4.926032
1.816266 5.985060
0.903136 9.003300
8.470464 3.094142
3.238986 7.645076
0.784270 1.230509
1.162533 8.685270
3.339975 4.952907
3.513994 9.697075
8.732824 2.569743
9.662622 9.689189
6.207113 2.949423
0.952669 1.515799
6.039548 6.686717
3.646048 9.126183
3.761344 6.900385
4.762434 2.232191
6.433593 9.401238
6.600049 7.027402
9.548655 4.243541
1.200217 2.045786
3.521387 3.947417
4.242094 6.880166
4.946020 7.762932
1.594972 6.690198
2.156611 6.153365
9.598499 1.978655
5.250707 8.625915
5.747982 6.333722
0.873796 5.892887
1.760135 2.594431
4.604981 5.909858
6.981910 4.968806
0.729407 9.136135
1.024316 5.678000
0.138896 4.429622
8.656740 3.822869
0.965293 3.674191
2.131201 9.101578
0.219748 3.313038
2.228203 9.413419
1.337008 1.096071
1.660692 1.243144
3.526523 0.274618
5.506650 0.265574
3.496176 0.221759
7.107926 2.920429
3.643083 9.298664
2.648595 4.943991
3.659528 5.683138
6.498733 4.206754
2.916341 4.944075
5.063500 2.246953
4.537482 1.453920
6.031060 4.032510
4.397203 3.788512
3.519725 6.012523
2.468741 2.135495
1.270642 5.679419
4.002435 8.930205
9.956751 3.113120
2.204231 6.508408
6.811393 9.087075
6.476713 4.115909
6.082719 2.261819
4.393146 5.609722
2.601339 0.696646
8.536501 2.968158
5.835680 0.268836
8.330614 2.634472
7.569194 5.445233
8.032271 8.372978
4.636302 2.330316
5.618489 9.948471
3.949396 7.493520
3.588382 9.942111
7.059427 7.790531
5.447599 7.794844
7.944040 5.480193
5.604065 7.517213
1.800937 8.356089
0.785394 0.114912
1.322299 3.879301
9.416295 9.675404
4.513869 4.592431
4.985450 0.453314
8.845096 9.522006
6.359603 5.852364
0.689603 0.164231
0.230050 6.458544
8.753520 0.418203
8.733097 7.157873
2.375543 5.753273
5.260452 2.414684
3.586062 0.951609
3.691165 7.411674
8.009364 3.384091
6.415305 2.024889
2.316510 3.581119
7.874934 4.016159
9.584734 0.618501
5.141978 1.221208
4.835111 3.712894
2.612056 0.825309
0.968666 0.377723
8.398478 3.225892
7.569059 3.173864
3.135396 6.596370
5.195015 2.622674
9.283433 6.659953
3.831266 2.090618
7.016122 9.969182
2.039925 5.027782
1.929682 2.159121
8.353930 4.505946
1.436463 2.627051
2.846765 5.576582
5.608813 7.313622
0.042799 9.324338
4.146464 9.624808
4.152630 3.259086
5.451130 7.141889
3.730018 0.414185
1.208435 0.167820
0.552496 5.799059
4.778818 7.588515
0.164502 4.792824
2.989032 6.656360
3.445114 2.032508
0.363503 9.386796
3.883207 5.065055
8.373017 5.297239
0.696525 6.487949
2.952112 6.142595
8.596805 6.506222
0.067451 3.640900
2.605593 2.198043
2.507465 2.967519
5.094927 0.439144
0.698540 0.366423
8.467914 0.237100
4.941870 8.012842
1.834860 8.493785
5.037384 3.307772
3.727698 1.420474
3.909680 9.990782
5.067707 2.953738
3.476816 4.844918
8.542414 2.345204
5.838941 5.080579
9.283741 1.840305
0.008616 4.809432
2.124944 3.931297
3.314948 4.329700
9.274424 5.243109
0.928682 8.366057
8.327298 6.899296
6.472444 2.367434
9.463783 7.802436
5.549234 5.977729
7.691900 7.766162
5.878669 2.788759
0.671355 3.468386
3.157190 2.895026
6.708770 4.302113
5.618865 6.259968
1.283266 7.849551
7.400771 4.753050
4.505649 6.450831
9.109870 9.588367
1.683043 6.895564
3.743155 1.210932
2.133751 1.957054
2.209307 1.824207
9.447587 5.596696
3.670320 7.064646
5.500025 8.916296
6.192258 3.280496
5.288492 3.688509
2.767560 4.373703
8.832587 9.294771
7.217174 9.050755
6.035955 6.293208
9.942417 2.204560
2.047834 7.942463
8.978072 4.453587
1.438877 3.205210
9.970730 8.051099
4.812809 8.886156
9.632073 6.250487
1.930483 5.629790
9.879504 4.830455
5.457028 6.268412
3.208681 8.299564
0.770839 5.494384
4.108363 9.265093
8.411904 8.868883
9.323549 0.890708
0.126897 2.750269
3.771143 1.598108
9.399230 2.852197
6.877284 6.506977
2.769178 1.578789
4.707196 3.843147
1.767751 0.589378
5.684366 7.142739
8.007429 0.854961
9.329556 1.843984
1.840690 6.473901
6.860839 0.125556
0.218778 7.002102
4.323934 2.361433
8.597066 0.896580
8.820465 5.558492
1.570098 8.635214
2.042220 3.585877
7.835149 5.343926
5.372376 3.526832
5.470153 6.867309
8.858713 8.386253
7.752315 3.163770
3.488903 7.985376
0.217679 8.527566
2.798133 8.218125
2.028155 7.194307
4.713178 4.389687
7.462694 5.504416
2.726707 7.756858
9.518064 0.096161
6.176871 4.664228
1.678776 5.188725
6.905252 6.571863
3.308541 6.646764
2.162740 9.171081
8.350049 9.274176
1.072202 0.495247
3.621700 9.912492
9.255462 6.553274
0.880115 2.090222
0.368874 9.664200
6.215572 5.124734
1.404258 1.363806
1.479595 7.547321
7.827129 0.562813
9.192270 4.475130
3.501746 3.837266
2.937690 3.762131
0.128592 1.247332
3.903818 1.473072
7.913584 3.606373
2.308174 3.481753
7.821650 8.479865
1.092180 6.267620
9.885070 8.369029
8.270334 9.509797
1.163393 3.146288
9.657260 9.574887
5.122253 9.704658
6.190178 8.318461
8.365921 6.037146
6.311730 1.243063
2.165831 1.114772
5.965333 9.353637
6.584279 1.977624
7.930951 5.500754
1.169964 3.591776
6.977403 9.213543
2.024453 4.976002
1.658864 0.531141
6.884425 6.537420
4.418460 1.055538
0.425962 9.150149
6.551933 8.343537
9.821619 1.951241
4.503818 5.661737
6.820559 3.138745
2.891053 9.928240
3.924957 6.749852
4.760297 6.310565
1.662818 6.981320
5.051544 1.305783
6.296063 7.923148
4.345440 3.816349
1.373740 8.442113
6.589249 5.515272
5.181679 8.481172
3.053598 1.824173
8.867575 7.331217
5.759892 6.503369
2.120060 1.850998
9.715750 2.616328
2.631856 3.597991
1.428597 0.426369
5.990787 7.155660
5.175401 2.969427
7.155101 5.780628
5.008540 8.526338
2.162267 1.216750
9.919070 9.804963
2.010621 2.513503
4.452675 6.116803
5.100473 3.651202
5.755325 9.753766
1.539123 8.034679
8.851038 9.391956
0.612762 8.687299
7.428039 3.050676
2.719027 8.692672
7.746062 8.064162
4.370329 2.118098
8.874591 5.245409
9.591260 0.300996
8.843154 6.897003
7.935950 9.506262
1.749667 6.658355
6.965923 6.271393
3.294783 5.420832
7.927078 0.397649
3.286941 3.611469
7.960507 2.242837
5.360125 7.629145
3.032125 0.929937
9.458044 1.350966
5.686559 3.991476
4.744587 2.281345
2.572688 9.172547
2.998495 5.699532
2.029976 7.807228
6.086878 2.163506
2.040214 9.881226
3.773621 3.243627
5.646741 4.780555
6.786272 6.875350
4.012284 4.449697
6.061301 2.291956
0.911773 4.174076
3.695087 3.323165
2.430525 9.838127
9.404327 8.523548
5.275193 0.166385
6.438278 8.143121
1.440336 7.734539
4.390950 8.695869
1.469782 2.633981
9.324271 3.016180
2.937445 9.631999
5.007033 3.206703
5.056200 9.546544
8.771775 7.221504
1.819788 5.182465
1.686605 6.763532
4.684312 9.235169
5.490902 5.594983
4.884308 0.556832
8.676566 7.039071
5.671677 3.876446
1.426486 4.950690
6.243180 9.127001
7.511413 4.324995
0.196945 0.062466
9.865330 6.606106
8.815830 7.659821
8.611105 6.845491
2.165138 9.475708
8.228318 3.342682
0.454088 1.852834
0.587412 2.629304
0.717627 1.148872
9.090276 0.263984
6.772568 6.551877
7.398972 4.525968
7.944905 0.019396
5.983854 0.636361
5.324014 0.708374
5.645019 5.839346
1.884120 6.398352
7.102943 9.154798
4.696587 5.535211
0.286619 7.201969
3.488258 7.155794
7.434091 4.775085
4.851086 2.208701
1.633257 0.147512
9.238506 1.574038
4.861794 2.174731
0.710185 6.078482
1.051564 3.627901
4.128347 5.126999
9.467570 1.450306
5.295931 8.704427
5.303266 1.996744
9.271890 2.659677
1.192640 4.695888
3.786500 9.705192
5.160449 1.669719
2.962008 2.472351
2.808562 3.504065
2.823151 8.698657
8.333847 6.963249
1.325415 6.246634
7.172052 0.670956
6.757587 4.765369
1.555457 2.566651
7.706722 6.874956
7.383349 1.943140
8.353402 5.630217
7.061685 5.743256
6.905153 4.907977
8.374782 4.955265
3.144693 2.856407
7.627036 7.588769
4.433396 2.079366
7.912023 7.370818
1.334761 3.320691
0.849417 6.146612
6.107771 3.305146
9.581184 0.957384
0.744562 3.845636
3.600947 1.113050
7.028350 5.481891
4.134155 2.739354
0.330361 2.374000
9.817311 9.553568
6.825355 3.740879
2.948204 0.464409
5.317109 4.646840
9.438861 8.933588
6.820254 8.012786
0.901331 8.666415
6.434552 5.520036
5.251619 3.968729
2.427858 5.007354
8.592419 2.785110
9.349013 8.860058
0.995929 8.583860
8.935113 2.441518
4.585209 3.600654
6.189794 1.867341
4.397911 5.682167
0.180988 1.864609
8.487724 3.178518
1.356513 8.912234
7.924013 8.885191
3.403783 7.385260
4.070699 6.235241
5.702041 4.199236
6.563523 3.123397
4.939322 5.192115
3.873081 4.870246
4.224586 2.611030
3.573174 4.329995
4.229690 8.393672
2.438430 2.697085
9.903666 0.908120
2.771200 5.562919
5.983139 8.609501
9.889597 4.453704
3.400791 7.097942
5.112897 2.466169
8.903884 7.574985
2.776466 4.057711
7.953498 4.444944
6.180290 2.126605
1.849991 2.805080
4.971354 3.544029
4.498440 5.275703
8.743695 5.277194
3.795981 9.052418
3.988381 2.711206
7.243009 3.256234
7.529958 6.003577
2.118005 7.310413
6.103071 4.311566
4.485630 9.983085
5.714024 5.598953
1.603949 7.569997
8.936172 0.240716
5.715271 6.560709
5.838822 3.084698
4.517009 7.371039
5.051973 8.508547
3.153246 6.613270
9.234852 0.160284
3.892101 4.543307
9.365478 5.583492
1.747671 3.113127
2.329140 5.851507
6.272336 9.143181
9.441822 8.704523
6.914794 6.942700
5.963783 3.308341
3.294495 0.581945
0.743425 4.739042
9.083375 4.283922
9.874784 5.497524
6.882980 2.247344
1.108423 9.265467
4.703522 2.096772
0.442062 9.731761
1.709052 4.040158
2.938118 0.943998
5.779882 2.471244
4.197378 5.328483
5.810918 4.098442
2.515608 9.828569
8.757611 9.161274
3.526008 1.617480
4.982295 7.438428
7.652748 9.742096
5.403970 4.518203
7.436519 5.579348
2.101751 4.120976
1.239565 3.365536
4.558673 7.619150
5.047483 3.052878
9.714823 7.024870
6.996450 9.343273
2.395283 7.519014
2.068560 6.282576
1.252398 9.048611
0.008594 4.446915
9.294597 4.292773
8.640837 6.551263
7.084913 6.136486
5.914997 3.356539
3.352358 3.083067
7.106090 2.052602
8.083623 1.459501
9.836279 8.338259
1.111915 7.953219
9.746227 4.838422
9.359319 2.070288
5.338754 8.444658
9.367792 4.488373
6.092531 7.169759
2.134931 1.788683
2.387572 7.930383
5.949375 1.137937
5.300516 5.769902
4.749333 2.043866
1.255927 8.369751
0.404494 8.327290
6.767031 3.483824
2.637489 8.276554
4.036124 5.138985
0.923715 4.878185
7.656903 9.568728
1.603649 2.534667
0.154036 8.888522
9.393394 4.775503
1.877522 5.519518
6.535470 1.649452
2.336582 0.941932
1.047785 0.128889
6.230381 4.013529
5.381713 0.452580
6.506433 3.622109
6.788897 0.986881
6.501461 0.059025
2.040358 2.289166
4.004899 0.333107
8.532830 1.276490
3.959130 1.092421
0.319722 3.574881
3.024595 4.376138
9.746967 7.282114
0.496333 1.864419
5.289009 2.369126
7.905279 4.016816
0.626410 8.076147
5.798690 8.586829
8.836669 7.901741
4.567950 3.533808
2.716913 3.156104
4.634463 1.426097
8.408315 8.544560
8.413966 3.520133
2.880553 3.454726
3.585988 9.693911
5.568610 1.636398
2.933164 7.689039
9.674062 1.955064
8.756509 0.648702
2.726556 5.232306
9.373742 4.487380
9.403816 9.936456
2.014042 0.006873
5.513532 5.930233
9.421097 0.381628
4.023602 4.679385
6.424356 4.154559
5.680838 7.838426
0.417774 1.526028
7.954906 8.102493
8.606289 5.894536
9.468770 1.610329
4.799786 0.009922
6.764589 2.451266
8.429545 5.357030
5.605468 1.100646
8.564083 6.541619
4.987423 3.614423
7.607237 4.832679
2.833576 3.914004
2.657994 2.907593
7.921893 3.259715
6.022911 7.070735
7.843186 0.425886
7.865059 8.047120
7.949632 9.469957
1.570858 1.405422
0.935755 7.234049
2.668907 6.317540
8.887116 5.756663
2.240020 8.019748
7.910091 4.891072
4.252455 1.009368
4.455929 0.800662
6.726142 6.266071
3.851592 3.701305
7.838691 4.883970
4.880210 1.688070
1.386777 7.557990
7.143806 5.949459
2.549657 2.086741
1.857920 6.060130
2.598150 7.113957
4.277624 4.022123
9.812975 6.671600
9.588562 4.962683
7.805685 0.153421
8.548714 8.244589
6.804085 6.255732
0.083811 8.606453
8.654740 0.215892
8.495361 1.528313
6.359213 9.290423
4.146513 0.437890
9.613441 3.096008
4.613336 6.330184
1.399886 7.879364
8.463870 2.271422
5.797455 7.829889
6.945712 6.578322
1.861065 8.922089
3.542117 2.365872
3.209680 5.084465
4.603558 2.004683
2.700294 3.848481
1.420454 3.575494
3.327228 0.720449
8.593105 4.315778
5.287662 9.737301
4.821793 9.882412
3.693922 3.745032
2.761218 7.788337
8.580313 9.313127
5.733042 5.236248
5.617149 7.426137
1.079567 4.277573
3.171240 9.024648
7.260971 5.146219
2.508631 2.562948
5.462746 2.376697
5.139346 6.992438
1.909867 9.135839
6.054024 9.974883
7.866930 9.490341
4.167276 9.412408
4.340873 7.058450
1.362747 3.684153
9.555397 7.557629
1.065848 3.703187
9.456440 4.394289
4.821346 2.356027
7.749198 0.774837
2.688851 1.519135
2.099596 7.917052
1.900771 6.261647
9.499910 4.983277
3.937040 9.833177
6.209709 6.574075
0.476047 0.918034
9.393897 3.234086
5.288192 8.639640
6.425051 5.824302
9.045982 5.822244
4.456482 0.098389
3.618456 5.388838
0.208317 1.179351
1.352049 3.888033
6.163849 5.818204
6.547155 8.026048
3.793823 2.780640
4.216964 4.509174
5.687602 1.528413
8.043369 4.907054
2.855796 7.359778
5.795259 0.923314
8.144299 1.228607
9.193458 4.443641
4.275926 5.480528
1.230285 7.402353
1.354957 2.762926
6.497025 5.494779
0.756003 6.146964
2.016523 1.704438
6.487335 2.633983
9.353463 3.652130
1.345296 0.396991
2.228829 9.924468
0.532618 1.711938
2.547369 3.626006
2.282537 2.605533
1.187346 5.717504
4.096211 5.016890
8.878105 4.309218
5.024685 9.878378
5.899250 8.701288
2.554555 4.404571
7.628988 0.395030
9.272223 8.244731
9.189014 9.765913
5.693643 3.061154
8.814997 3.648742
4.401260 1.973484
8.352963 8.256603
8.734586 2.188950
9.683361 8.255249
5.977383 1.870099
0.751696 3.747648
6.715125 1.106462
6.298452 8.078527
5.798090 8.491361
4.297610 9.928482
8.003278 1.091253
0.693693 8.894310
6.670233 6.613316
0.001054 7.709743
7.653144 6.391223
7.278020 1.687833
7.415599 3.968909
5.447271 2.286019
1.125722 0.006006
0.949207 3.314143
0.808865 4.591628
1.488485 6.960772
9.686704 4.436998
2.620324 9.787582
9.896711 4.016756
9.613365 1.824850
0.245785 0.913753
7.445459 5.824663
5.112827 1.284857
4.590141 6.507653
4.125553 8.170896
8.253914 3.530573
8.339925 9.127108
9.304278 7.001503
4.264154 7.634687
6.184077 5.776510
5.796513 1.989161
1.831754 6.294093
4.821049 7.378222
5.769806 3.121761
7.445444 5.573124
7.488316 6.129802
3.574901 3.368643
6.777305 6.156931
9.541914 0.944089
7.310250 3.370337
5.262080 9.775279
3.116522 9.377737
1.619863 5.035305
8.376808 9.010146
3.522240 8.294874
1.946074 7.668920
1.540865 7.317901
1.954532 9.821535
0.532868 5.910472
7.309196 5.657151
9.732309 0.917715
4.032443 3.272319
7.862222 0.366766
4.229061 7.833708
1.131644 9.547953
2.453664 8.730024
5.520272 9.203153
7.397962 7.555034
7.458962 2.770588
5.278287 2.175740
7.655605 7.751236
5.027021 9.134037
5.767775 8.988461
9.059259 8.969328
7.494956 7.721931
2.496385 6.743054
0.510332 7.156228
4.720989 5.663491
6.298423 7.587031
5.224994 6.477127
1.069325 2.145973
7.366376 6.689355
7.989473 9.080024
7.956368 2.682850
0.652888 3.086007
6.524603 9.000542
2.105879 3.506513
3.969505 5.466041
7.754755 4.166823
1.799386 2.272835
9.537338 4.033420
9.681632 9.196488
5.377652 2.201161
4.917373 6.288843
6.583432 7.739580
9.125250 8.074404
6.503964 2.122786
7.667268 3.765941
4.176937 1.782647
0.954853 8.211688
3.843704 1.141159
9.452104 1.510600
8.646239 7.344660
1.703651 3.255057
7.749436 4.767068
0.114583 5.793987
9.531891 2.484856
2.981717 3.720378
8.391984 4.079894
0.783260 4.242905
0.501101 1.997127
5.709627 1.698070
9.462518 6.534904
2.132978 8.963090
2.650409 5.419873
1.806557 2.807765
0.112443 9.829237
9.987903 6.679614
4.270985 2.451281
8.674275 8.543665
3.383893 3.090272
8.195597 3.395375
6.072572 1.714119
9.205848 2.679535
4.943539 6.063958
6.944367 3.977490
9.667221 6.984760
2.864151 7.793018
7.250585 0.582653
2.651480 3.429836
5.249254 4.219147
1.209524 8.468298
6.677889 5.280001
0.968796 2.547428
4.619485 9.689364
9.145132 2.235092
5.190621 8.775323
6.860473 3.965264
4.194975 4.940896
1.632095 0.613521
1.442324 1.138265
0.824524 7.771530
6.097845 6.479980
9.027438 4.142645
5.435510 4.621750
7.756198 8.423637
6.073823 2.740287
5.996717 6.826038
5.214962 7.868645
8.315172 3.102519
4.038265 1.122753
0.104528 6.804361
0.887455 5.462212
3.392181 2.389314
7.194665 0.731422
3.002635 5.287303
3.696362 4.749259
0.802369 5.416594
6.697491 4.734067
5.460420 3.271303
0.796354 4.327452
1.487696 3.702041
0.204433 5.904614
8.845331 3.483010
8.949560 5.261981
8.107871 8.990758
7.663843 6.209257
8.975375 9.122161
6.154661 1.394312
4.195610 5.624594
2.551311 9.882796
0.150911 6.366384
9.820188 7.906678
7.534195 7.210624
8.952757 8.993606
5.530857 7.106075
1.798558 8.367020
4.510743 2.052997
4.713732 3.696727
0.884976 3.797518
4.877089 9.227917
3.592853 5.083317
5.309523 7.157085
9.123700 2.024255
1.660752 2.251807
6.116659 2.688543
6.335652 3.307131
2.956109 3.331897
9.192636 0.641213
6.863512 5.046411
5.030628 9.757798
9.313133 5.818662
4.259650 1.939374
5.058580 9.553144
9.691072 7.839341
5.804651 8.763651
0.686501 8.021359
4.978058 6.223633
0.595586 0.009634
1.912553 4.284129
3.353997 0.621243
1.228962 5.163490
2.783815 7.571749
8.387660 1.406656
1.659276 7.458652
7.557600 0.588361
8.582732 9.975733
2.149741 0.692191
3.656069 7.557163
3.238461 8.815131
5.905554 4.637849
8.324193 4.705005
