7.569504 0.652273
2.753478 7.705941
3.742073 3.028711
3.544337 9.672531
6.222823 6.978251
3.465910 1.544307
5.160091 5.654606
6.964175 6.889872
8.076670 4.588407
7.361315 1.617973
3.278403 0.124615
4.406382 8.054937
9.330971 5.634894
5.670599 5.756523
9.877865 7.284531
1.111746 5.108255
4.444859 4.747751
5.449863 5.851817
1.484932 7.256218
5.254564 3.451888
5.877928 0.329570
9.089521 7.575717
5.079675 4.091428
4.632095 1.625331
6.932846 0.346696
6.927573 1.717291
2.507257 9.470306
7.434295 8.200921
2.887090 3.326385
6.555504 8.350345
4.243138 4.413894
4.314309 0.590458
3.831525 6.442862
5.180109 2.088855
7.378288 6.888507
5.133199 3.670198
5.022981 1.237232
4.155895 8.132343
0.291272 5.405555
1.159477 7.328870
6.320313 5.496823
5.107816 7.068193
5.120914 7.209482
9.756474 7.052982
9.464736 3.821997
6.301651 1.843570
4.887430 3.041403
6.868388 7.002350
8.494372 4.902600
8.005105 1.792378
4.498265 2.340110
0.234740 5.276892
8.717998 3.389337
4.587181 6.746110
1.876359 5.967369
3.571620 8.209331
4.231006 0.518739
8.450133 1.386877
9.240112 8.560612
8.201358 0.222511
9.749078 2.755837
7.359493 0.991747
8.290464 7.821748
0.123637 7.973824
6.053440 0.172278
5.471903 6.268239
0.290541 3.119877
5.770406 3.206195
6.516222 8.142878
7.356302 7.370552
6.865669 1.297527
7.542284 3.161780
0.032191 1.040977
5.693987 8.838110
2.117937 6.161267
2.409638 8.782108
0.886760 3.769616
5.936695 8.037954
3.897571 6.478728
7.978261 0.630678
9.809360 5.918939
9.615833 3.312824
8.637622 2.506975
4.727292 1.588547
8.707512 7.147641
0.397496 0.719813
7.901580 1.858774
0.413065 2.378582
6.826437 1.927561
6.514157 3.443966
2.734169 3.170121
0.227274 9.801409
2.283371 6.621777
2.212131 9.289023
0.617473 7.862372
2.884900 6.512396
3.846124 1.811591
7.406591 2.571865
5.335291 0.242924
2.821731 4.837231
9.348467 9.676675
5.870700 8.854850
3.456815 8.692810
0.065563 1.918434
3.119668 2.257696
5.100743 8.179461
2.204167 5.437134
1.918952 1.830573
6.446655 8.936452
4.949295 2.794752
1.390701 3.517691
1.837742 6.932280
0.823492 0.431582
3.605191 2.440231
2.968151 5.706779
3.841466 3.510958
8.666799 2.892794
9.187434 3.207442
7.471091 6.624498
7.938320 9.339273
5.160823 7.950145
8.090859 3.075253
5.779927 3.229071
1.001404 0.591831
6.903192 1.950041
4.333620 5.158757
3.228145 5.432251
9.839122 6.123643
0.069603 9.812892
5.270211 6.432217
6.273690 1.913063
2.851890 1.716811
4.435609 9.287883
1.441303 3.973864
8.724458 1.959158
7.561017 8.013250
8.687942 8.242594
3.281711 5.709290
6.031466 0.842391
8.057422 1.091460
4.172514 7.441140
3.235949 6.596956
5.038083 5.068066
8.985051 1.757871
4.530415 2.680079
4.089043 4.546293
9.543618 9.589149
4.822499 1.741944
6.850429 5.157914
9.065625 5.966205
4.004131 7.431416
9.804454 3.458904
3.803155 9.629219
8.290652 0.995498
1.327485 1.044080
7.854938 7.942393
7.801142 3.801006
3.510525 1.398372
2.433567 0.968659
0.243423 1.210034
7.038563 7.132795
0.888070 5.795758
9.310756 5.876474
5.896350 9.953339
5.764303 0.646321
2.725279 3.758706
2.567525 2.384608
8.104351 9.828806
2.746554 1.341134
0.446624 6.416719
5.787860 6.556515
5.352741 3.510989
9.196096 8.793406
0.775374 1.715864
8.519357 4.834269
9.565714 0.960075
5.976750 1.230698
4.336360 1.204496
3.966284 1.340906
6.611782 4.215906
6.736037 2.578374
4.734081 5.699280
7.804598 1.870788
2.329478 1.543782
6.336408 6.006120
4.855773 0.971637
0.310194 3.432965
7.849656 9.170235
4.131571 9.312945
2.659157 2.454577
4.070804 8.000322
1.419401 5.867551
5.927775 8.118451
6.804615 5.164410
8.232676 6.588654
5.513407 3.834566
7.547566 1.944504
1.277777 5.596223
5.723033 7.017676
6.075602 2.639835
7.701028 1.174739
3.832957 0.511765
1.232253 0.472520
1.648000 7.939755
3.456465 2.801120
8.418649 2.231886
1.300356 5.081372
2.625275 2.992375
2.845309 1.102821
5.106888 1.466639
9.801763 8.223899
9.064490 6.875890
3.085159 2.261358
6.643162 1.630391
1.987088 6.990011
1.107326 0.823489
0.374919 1.271605
1.857699 2.341195
8.471981 8.576957
2.907936 3.686249
4.786816 2.010868
6.652401 6.896557
0.435392 7.636239
2.277035 0.131423
8.828605 2.355991
7.145942 1.842127
0.630616 8.766966
6.400937 0.542970
5.701753 9.369271
9.332948 8.854858
3.596907 3.219218
5.400830 1.755795
9.653218 1.627132
7.199373 9.857893
1.609832 6.439972
6.606139 9.383633
0.726351 7.777230
1.912562 4.428212
4.964676 1.315224
4.977891 3.408331
3.822435 3.663134
6.287098 7.253487
9.355491 7.731898
0.013010 8.660383
5.055287 4.204434
3.930300 6.552352
5.379677 6.239293
3.804054 4.731921
9.391188 7.697844
7.660061 2.637459
7.775979 0.879195
6.622578 5.661277
9.085680 3.027345
0.595074 1.416358
4.736550 7.196412
0.095646 7.522237
6.231966 0.645333
6.113340 6.911105
4.934846 9.960592
7.676910 5.818274
7.725962 0.247698
3.067452 4.663510
9.618263 4.141819
1.547696 2.132068
3.668016 8.351041
5.938707 1.853739
5.795691 8.174602
0.535769 4.671727
7.713687 3.944448
4.341242 3.258343
2.967758 9.108289
3.016904 5.107762
6.154073 1.507259
2.507849 9.421065
9.839652 5.031773
9.010823 4.902720
0.023369 2.757184
9.998753 9.036131
0.249924 0.471862
0.583627 9.022523
1.544318 5.350116
9.392102 3.061398
2.915075 3.665194
0.917451 9.604596
4.453299 6.595137
4.468129 5.836823
9.484451 5.169575
5.045738 3.719098
6.877217 5.384911
4.196492 0.443746
8.037782 1.004319
9.589207 5.802752
6.849909 6.417034
1.086938 8.162111
0.604292 6.342312
5.237204 1.679285
3.744121 7.438361
6.529821 6.700253
1.152341 7.397275
5.993295 9.315294
2.140216 0.611399
5.791255 3.628826
9.680595 1.758085
8.139623 2.646459
9.039426 5.641131
0.482823 4.807516
9.917713 6.994775
1.180944 8.133806
4.883681 0.020348
1.983144 0.705907
4.172071 0.000063
1.053116 9.724773
4.252155 5.961752
9.159466 3.148112
0.323558 8.036302
6.124369 2.276078
4.039547 2.667025
4.696973 2.023193
3.797612 6.458015
9.861121 5.867937
2.409966 4.291480
6.912723 2.136175
2.697063 9.534731
0.216787 3.536312
4.795700 1.335567
6.873458 2.206388
2.770951 1.368220
5.674827 6.824965
7.178390 7.197468
7.845695 2.594990
3.990597 9.971533
1.552446 1.966513
1.183528 1.561155
8.339419 0.612410
2.767668 6.191221
5.853128 3.518744
9.537311 3.586299
4.927796 1.464431
2.695615 5.208888
5.779058 8.629919
3.042157 9.535915
0.120105 8.600717
2.246628 9.072563
2.562593 9.502731
2.404892 9.018335
1.157475 3.675561
5.146675 0.167438
4.127047 3.274993
2.809296 5.830205
8.262587 9.300848
9.359120 8.723811
1.095922 9.164941
5.157883 8.545328
1.334049 1.362312
6.370645 1.438511
7.052197 6.277069
8.702842 8.665592
2.611775 6.109374
0.243665 5.278728
9.588485 3.671645
9.332153 5.499472
9.622952 2.961105
7.296708 5.775841
4.560116 1.871346
1.714626 7.713189
5.570624 5.484818
3.343860 0.259106
4.802620 7.635492
9.720643 4.850260
8.317834 7.843837
1.373255 0.292358
3.659700 8.581164
3.626305 7.301510
6.473691 3.324416
3.460606 2.397891
1.353491 8.120037
3.463498 1.016784
9.085616 1.946524
5.226532 2.321363
5.153331 2.040925
1.832014 0.660737
5.014566 9.811687
5.024411 5.274203
3.533864 3.646294
3.268446 2.766474
6.129263 4.517757
9.947936 4.962141
8.705261 9.328746
8.236119 4.457690
0.388094 2.703461
7.074523 1.502326
9.586997 8.663421
6.114676 9.365036
8.164407 9.186023
9.491899 0.350082
3.821129 1.722064
2.728794 2.844820
2.883646 5.437158
2.313323 0.019718
1.398841 0.316600
1.090388 6.148151
1.968912 1.510774
1.583632 6.107306
5.493177 3.822571
5.948981 4.528881
6.899940 7.299522
3.058929 1.422561
8.981441 1.073142
6.305687 9.684417
6.004124 1.319467
6.287932 1.280376
9.271668 8.926655
0.298451 6.069307
6.846575 0.388291
6.007754 2.328677
8.069356 1.672695
2.991056 0.683144
1.602002 4.847869
8.128567 6.832565
4.927198 1.413417
5.291193 9.073859
4.347135 2.305272
4.707115 2.487541
8.107467 2.191521
2.895016 6.529546
2.086765 2.256986
3.171947 0.913529
3.684184 0.079059
8.751033 8.617956
1.983514 6.912296
4.953447 2.576617
5.194233 9.471713
1.076505 2.812856
5.668590 1.990905
1.136968 9.018772
8.501583 6.105198
0.068916 8.278232
2.247290 0.196260
8.536259 8.903220
6.423896 6.420541
0.038595 8.659032
2.357407 0.942017
2.486976 8.612750
4.493079 5.186288
5.949001 4.857354
7.540909 0.054894
2.604966 1.663515
8.698491 5.535685
8.257854 9.754570
5.064967 6.901660
6.193068 6.895952
0.263147 2.711478
1.815565 4.208957
9.939450 2.343153
1.376463 4.215025
1.920094 1.022396
3.410740 4.307539
6.802797 4.614334
3.107415 6.325572
3.896447 7.578672
4.742918 4.226003
6.432776 5.661968
0.697586 4.328236
4.655562 6.030592
6.159026 4.751575
9.722277 2.314007
1.516341 5.148112
4.310691 9.788178
9.909220 4.255261
8.170209 6.698123
5.355624 1.969598
3.034320 7.822894
9.383706 1.947421
0.302937 1.454931
3.021795 7.309057
3.327475 4.878912
9.881457 7.647674
4.448758 0.281228
6.595857 6.568791
1.672583 1.097310
2.484547 7.782190
5.275447 4.440131
5.278250 1.541412
6.517876 5.939872
1.433828 8.349445
9.125723 6.022317
7.073957 1.995635
0.635740 4.878551
3.799429 7.001752
8.440774 4.090707
2.520319 9.005912
2.360430 1.748537
7.661643 9.238897
8.140988 5.589069
5.488479 4.862879
0.412050 5.325628
7.824474 5.934977
9.155208 1.582696
0.373486 7.185405
5.107043 4.069768
0.585477 0.110114
0.684869 0.586726
1.100123 9.771157
3.836640 2.407937
0.191207 3.616004
4.186839 8.207259
9.404602 3.146037
5.439004 3.337833
8.965696 6.456554
5.304557 3.696213
2.258674 1.532048
9.134912 0.466009
2.216105 6.078554
2.263085 5.677505
1.832223 4.167420
1.835921 6.332350
7.802521 6.962598
0.386890 2.457035
5.393486 8.314073
4.628218 6.458597
9.647605 7.295120
9.085104 3.348944
5.704745 9.650719
9.637408 5.919939
6.407465 0.268041
4.968498 5.538019
7.490504 2.901998
3.872492 4.974976
4.422147 3.021912
9.278876 0.073373
3.182456 7.533161
9.833658 4.286365
0.940683 0.056446
8.681176 4.527562
4.735193 4.391233
3.450154 6.729946
0.199055 5.519910
3.129891 4.074363
7.825011 4.956589
5.394357 2.949697
5.553557 8.635315
3.740307 3.339770
1.521905 8.663050
9.879878 1.101490
2.740533 0.144928
5.799887 8.703885
6.198068 0.934018
8.040049 9.096197
9.788634 7.578514
2.079996 8.493587
1.721899 9.954581
6.645057 3.465087
7.724895 2.310678
5.556940 5.493731
3.140411 0.893411
5.557327 1.987505
3.989367 9.297396
1.331287 4.947403
0.995039 3.626807
5.752815 7.554217
3.731588 6.805563
1.099210 4.430847
9.248856 5.528009
9.240626 7.209298
6.664901 6.995909
0.250363 7.846884
2.587528 8.585787
1.323133 7.900946
1.202155 4.614595
7.503722 5.047306
0.074083 5.117278
6.083190 0.169739
2.805042 4.339375
1.867637 9.368672
9.277550 7.789274
4.322898 4.943222
0.726531 0.803609
6.259859 9.450252
0.384190 7.078259
4.305652 5.090975
4.019801 0.790307
2.683029 3.671832
2.472406 3.721586
8.702430 1.740038
4.823048 0.959763
0.741926 9.550342
2.604504 3.890756
1.944196 6.109947
9.879334 1.972735
5.749065 4.541066
1.699510 3.670495
0.013543 7.623219
3.445646 0.975465
4.647880 6.920309
9.629452 2.204228
6.466459 1.768849
9.042548 8.112006
8.483516 2.461480
0.102676 5.678264
4.580987 2.647416
5.125511 4.464746
8.993903 0.529167
3.714472 9.137578
5.273773 6.306916
0.337345 9.757878
0.648155 3.534564
5.415510 8.478877
4.493938 9.611148
4.561705 8.582744
0.185558 8.677841
8.470879 0.066106
1.046798 3.534247
0.081292 6.268613
6.574489 7.440733
6.395702 2.570119
5.986485 4.852765
0.419553 1.429020
7.535843 4.917536
9.030342 2.955241
8.727892 9.679961
1.109997 5.717343
1.381400 7.188939
4.503942 7.751456
8.725371 7.315825
7.062778 4.108301
8.217298 8.132827
8.428348 5.243887
4.012963 5.871031
4.417050 7.362849
7.395294 2.714321
9.594063 7.413391
6.866440 4.255021
4.135089 8.445312
0.363607 1.134581
8.902055 6.845607
4.120478 2.876698
8.662015 2.491642
7.020683 6.615947
4.214327 0.190167
6.131661 4.821994
3.249316 1.250381
5.154641 4.047971
4.253872 4.822271
7.907023 3.334239
8.550039 0.500983
0.019873 4.002830
5.569471 6.093189
8.220044 4.284144
3.611249 4.268339
7.975903 0.993327
4.842908 4.760204
4.744195 5.689899
0.132136 0.814141
3.270887 3.804511
2.413659 6.361006
9.433685 1.937546
4.336324 0.596544
6.110901 5.919478
8.669534 8.856904
7.986443 8.152587
0.522875 7.954475
0.860441 1.429408
4.065696 2.155696
0.774862 3.106310
7.744754 6.087482
2.315089 9.705215
5.544646 8.859739
5.627275 7.607327
6.352247 2.210522
2.243361 4.167608
4.994409 1.037511
7.442399 4.396338
9.260892 7.815862
1.189251 7.747860
8.278721 0.470612
9.581017 8.160396
1.769835 5.615590
1.216800 0.757743
5.394340 2.676948
1.461640 5.789837
9.783209 6.401547
0.794262 9.158175
1.444495 7.621746
8.693110 5.097527
4.139321 9.561573
1.360016 7.796037
7.988311 9.540162
1.506845 5.543085
2.628019 9.107377
7.692873 4.118578
0.933215 4.548953
4.256996 7.334235
6.481104 7.916145
6.648195 6.212468
2.955644 5.500675
9.851065 6.843718
2.368507 7.493312
0.089604 5.973922
3.700140 8.249054
1.854114 2.090596
6.648361 9.008517
6.145836 3.058083
7.197196 3.266956
7.727414 4.652900
1.298352 1.407871
2.084144 8.201258
8.547199 2.770148
7.880568 8.712253
6.836906 7.887038
7.451201 2.342345
7.785190 5.692135
7.717570 9.203298
9.826250 9.784561
9.122279 8.147020
6.969039 8.642482
4.188678 9.106939
0.322859 6.298861
4.957357 8.306222
2.677197 5.658061
5.036461 7.800917
0.015783 5.259290
2.884292 6.297263
8.094284 0.632955
8.081402 4.118250
5.426112 6.668948
5.015980 3.582405
9.486827 5.095093
3.233549 6.265797
9.246713 9.497518
4.779218 4.319349
5.293061 0.482018
1.275489 7.135879
2.724540 1.343345
7.597304 7.881744
8.467574 4.521737
6.841323 2.114203
3.403020 4.563320
5.712384 8.035889
9.190911 1.634184
5.728561 9.928653
0.873677 3.890433
6.501661 3.416694
4.382227 2.084494
4.084497 8.133302
6.402949 4.357738
0.499961 2.836453
2.265939 3.636166
3.036540 5.128927
1.873826 3.392781
2.473277 8.373176
7.964857 5.351613
4.562019 3.849578
9.855467 0.835465
1.663658 1.106195
1.820829 2.679174
8.881155 5.577885
7.505742 8.998800
2.837449 9.009439
1.633986 2.394684
7.461660 8.118528
8.107236 8.313868
1.182502 4.316612
9.292402 7.401538
7.653489 2.187980
3.371564 5.881824
5.808811 8.678643
1.947809 6.821911
5.855565 4.474917
9.936443 1.797878
6.933164 5.694533
8.013589 4.390000
2.728902 4.651302
4.435905 4.257627
7.936774 3.353457
1.558229 9.154914
6.644335 1.344546
7.783153 1.460301
3.270633 9.528496
5.427729 3.837172
1.347607 9.229714
3.795282 7.300029
1.584193 5.535185
9.858908 8.661847
9.657400 1.926085
1.704567 8.655552
3.862810 2.251924
8.084678 9.180749
0.849971 5.469305
2.605629 2.808891
9.031830 7.962917
2.737724 2.922024
0.463033 2.198718
3.859066 9.321576
7.722398 0.349990
2.282700 5.339049
3.390610 5.988387
6.827788 4.629901
4.753114 5.582323
2.104345 7.734045
6.087016 4.471893
9.110827 5.671008
2.630032 2.940302
7.658749 0.590107
7.934512 5.350252
1.681941 8.387453
7.920243 5.520792
7.955773 2.683332
8.767111 8.833998
3.010548 8.284317
4.522283 6.011715
8.886704 8.827196
8.682398 5.067477
9.083285 2.779068
7.788880 7.706172
7.635614 1.762934
9.636076 3.526661
2.595763 6.983857
7.692030 9.952301
8.329031 6.023408
5.412705 1.340812
5.026707 3.867674
3.990133 2.167156
3.385488 9.895273
9.858476 1.399680
4.428404 8.191567
5.660654 8.608285
9.444225 9.082092
2.725249 3.252809
9.964899 0.056581
0.959824 1.754580
9.224750 0.377142
8.631326 6.697045
7.239066 6.982226
0.278450 9.911017
4.454872 3.033317
0.954877 8.619677
0.908600 0.846605
8.883481 4.666686
2.988623 9.780503
0.921341 4.976694
3.290101 6.730368
7.290059 4.017479
1.776012 9.439891
6.252796 0.737770
9.698431 1.537768
5.269101 7.786753
1.962596 5.349519
9.364097 2.378072
8.259693 0.664659
0.928483 5.009562
5.716097 0.444766
5.190366 4.482325
4.437543 1.777881
0.838111 6.128158
5.949618 5.230189
3.779180 6.680772
3.730313 5.376964
0.635275 7.058677
5.187650 8.831974
8.988460 9.050102
5.070116 3.436729
1.101277 9.158717
0.560806 5.468131
2.884509 9.944194
2.072803 7.600992
9.869875 2.995539
6.027757 8.519212
2.396747 2.121597
7.682477 9.393162
0.874606 9.497778
9.158776 1.550216
4.475308 6.509341
2.493872 4.506957
8.421327 7.250257
5.073046 2.679383
2.395117 4.729383
6.739354 8.321533
9.999375 9.494508
4.196220 5.863911
4.754917 5.881877
6.705008 1.070763
6.313253 6.848517
3.031921 7.491344
7.015446 8.596606
3.164597 7.378047
2.836482 2.758765
6.570685 3.503679
6.327734 0.226766
1.252744 4.872760
6.484397 3.259533
2.963271 3.687838
1.498527 5.743312
7.841265 8.142817
6.327369 4.097545
7.433960 2.564683
4.633581 6.597553
5.076498 0.696650
8.595512 4.763081
3.099809 8.490831
5.395584 3.586737
2.285600 4.085198
9.927171 5.957413
6.241966 8.729761
1.097199 0.622184
7.050124 1.432978
4.054738 7.986435
8.013434 1.781001
3.291846 6.061095
8.827927 0.971363
5.702419 0.560196
5.216214 8.905065
7.420545 7.091994
5.141361 0.852520
8.311868 7.557837
4.571279 9.478496
5.080252 3.788378
1.266983 4.175584
9.032801 4.281523
9.549025 0.467227
2.680104 4.510102
1.279295 1.109952
4.966246 7.699872
1.746168 7.850781
8.079682 5.212259
2.444006 6.415900
2.032233 5.740075
3.438451 0.039121
7.499621 6.127516
5.157916 9.089496
7.156459 8.600364
6.314318 4.744528
1.284423 7.289235
0.166606 0.144690
1.808830 1.008822
5.264015 2.299244
3.387330 0.859129
9.386596 0.516147
4.877840 1.851302
4.837483 3.575645
5.866807 3.417324
4.964104 1.697086
2.928530 9.803673
0.329309 4.694388
8.584652 2.242836
5.350343 3.206909
8.525473 7.617273
3.498998 7.651983
6.880788 5.410580
5.624080 3.915226
3.195091 9.902082
4.291812 2.484394
5.202932 5.681987
7.150148 2.540773
2.770651 6.328430
1.916153 4.777737
9.425938 1.734936
9.077659 8.214378
9.056170 7.050994
6.062105 5.803713
3.010735 1.426526
5.628845 3.992523
2.328170 9.545345
8.606117 3.010441
6.478461 3.493047
7.639671 9.955264
8.114835 6.039745
9.992732 7.838515
1.926385 6.750071
8.436812 7.501923
4.818972 2.467293
7.788991 9.573153
5.974975 1.412544
0.625046 5.151146
5.309661 9.477055
0.870239 6.109914
9.319358 0.443993
2.188262 8.124127
2.203674 7.140713
3.971253 4.852727
9.787809 3.698761
5.074236 2.678887
4.058938 8.569720
1.286471 1.720016
8.304118 7.306783
5.093705 9.899386
8.981204 7.090694
3.302191 9.916219
1.884495 2.710710
8.905969 2.627415
8.960490 8.950546
1.818352 1.037177
1.825648 3.671922
3.989313 8.375684
0.125978 7.308608
5.769003 9.629257
8.929441 7.109766
3.833883 6.067848
2.316856 9.391181
7.582718 2.739197
7.683170 1.032538
