7.146938 8.580148
6.551984 9.201385
7.678577 3.850607
7.144778 2.278630
6.936973 9.699128
3.252669 7.607283
5.613281 2.412566
7.988839 8.422152
1.111853 6.911138
5.489736 5.989772
0.094253 4.112627
0.923095 4.454009
8.530741 6.171936
1.733437 3.868141
1.844990 8.752848
9.111056 9.513677
6.368632 7.597447
0.287022 3.976004
4.705408 3.786367
7.469276 6.129755
2.785221 1.205819
6.200295 8.358620
3.327659 7.962189
0.508474 5.920405
4.254731 9.262079
7.756903 0.265795
7.216440 6.709353
4.097832 2.260638
4.549387 1.547885
5.306913 3.287155
7.206042 1.951223
4.211268 8.779217
2.293616 8.796814
8.051719 5.233855
5.397203 0.786735
2.660647 7.490115
6.355161 1.197332
3.566907 9.000292
7.900145 7.729921
6.781464 6.058148
9.296714 9.879274
0.963524 3.951284
9.234769 8.764999
3.335231 5.226466
1.219958 3.840406
5.703933 5.998948
4.327416 0.888274
9.222847 8.392806
7.891010 4.202618
3.398929 5.802405
1.013316 0.796148
0.861858 5.239728
4.109320 5.339516
1.244215 1.528033
1.656504 0.864284
6.020512 6.746620
0.435824 4.900128
6.444345 0.099112
5.775547 9.612051
9.735548 5.361774
5.340283 4.140115
2.918446 0.326151
1.619161 3.235958
6.745892 8.202192
4.237347 7.097062
0.318399 1.323731
7.939126 2.884605
1.556896 6.749428
7.633683 9.316060
5.012480 4.757692
2.532829 9.260305
7.938984 0.500615
3.831250 1.812234
8.216998 3.087871
7.854733 4.497147
3.551424 8.782123
1.135951 1.932791
4.410154 1.458155
7.206410 8.139220
5.878841 5.683263
8.606922 6.540746
0.321981 1.530111
6.574242 3.282974
6.945751 7.242703
8.103901 2.257890
8.351816 8.976656
0.655007 8.701935
3.429373 7.476574
8.780231 9.339839
4.676279 4.223725
8.153691 9.078648
4.842517 8.186993
8.786690 7.891894
9.059336 0.266783
3.829474 1.972245
7.515255 8.895672
9.564242 6.212704
6.913752 9.421651
9.686712 4.561437
4.071156 3.912205
2.433808 5.015831
1.064428 9.834247
4.194784 1.726606
9.062504 3.507695
3.833143 3.633860
4.286699 6.547650
6.358627 9.446103
0.655075 9.839420
1.131502 7.154102
8.990405 1.730125
8.204420 1.688246
4.351640 8.018273
3.108013 6.378935
0.762206 0.395298
3.769880 0.380821
0.455573 6.823726
6.369639 4.526353
4.415043 3.624232
2.459766 1.286924
9.326855 6.457303
7.899690 0.089428
3.015789 6.362355
2.105424 5.863751
2.057871 6.644705
7.554926 5.648801
9.395569 1.323317
0.986727 3.921264
4.681030 4.077736
4.513673 1.302069
3.868559 8.863757
3.156632 3.520053
1.538487 7.354816
2.385338 0.369289
6.642739 4.515126
5.722376 5.967390
3.926389 0.817268
5.820261 1.129219
8.789005 6.806793
1.772565 1.498227
0.707434 9.851484
3.898251 7.899983
5.018632 8.145517
1.706380 9.131512
3.325218 6.932605
6.284889 0.130904
0.111125 7.675290
8.601762 9.806183
2.515552 8.887683
5.284720 0.289439
4.607148 2.340198
1.708915 1.734666
4.536486 4.728186
6.624020 9.898447
3.200269 6.925438
5.842623 6.963211
0.682322 7.786582
9.082727 3.389616
9.273689 2.889028
5.899343 0.252866
9.921054 3.159696
5.017641 1.499847
7.930912 4.839895
4.119134 0.278370
8.560263 2.348016
3.110759 2.528608
8.322172 0.742632
1.416292 3.621997
4.900002 4.341712
1.156949 4.849686
8.667608 6.489545
9.786775 6.333691
0.345281 3.146054
5.732727 9.951022
6.833438 9.596005
0.058977 1.234476
7.843120 9.324872
3.129023 9.490394
5.049073 9.774998
8.392525 3.168813
8.247386 3.815676
0.072306 5.245278
7.391893 5.551772
8.635511 7.036930
9.686892 7.595720
1.271619 2.095620
1.089955 8.873775
1.540967 9.031954
0.045513 4.943149
9.498260 7.263138
1.560594 8.898548
7.893950 3.623557
1.123583 4.062310
5.241869 0.087218
5.866988 6.466399
0.770987 7.974560
8.433426 0.591696
4.638710 2.806419
7.489697 9.329586
2.355672 1.781279
7.949867 3.406464
2.447538 5.770380
2.779110 8.499123
4.760446 8.818603
4.262406 8.262871
4.072821 1.894684
3.956913 3.840860
3.332608 1.142563
3.059173 5.517865
8.759842 6.670087
4.160219 0.796738
0.777554 8.355794
5.828328 6.710658
6.023327 4.058744
5.303463 5.305967
7.394851 5.258061
2.227921 4.666883
6.299255 1.580266
9.528683 8.568999
9.159199 8.655776
7.633164 0.581362
0.948645 3.881803
1.466595 9.057318
6.349490 5.886242
0.075342 6.265536
4.863554 1.759268
8.018523 7.312965
9.001749 2.389715
3.938178 8.951197
2.772451 6.586973
7.258805 8.742567
6.325484 2.411237
5.652616 3.520925
6.190468 3.194132
3.777179 3.040767
6.170915 4.576626
9.359729 8.969781
5.106648 7.428546
1.564592 6.101859
3.942422 0.292075
8.903381 9.121176
9.603847 1.856836
7.840498 5.258109
3.035994 5.943509
2.548772 7.206387
7.745945 6.104987
6.515823 1.437793
4.987066 7.622868
7.538146 3.622219
8.638581 8.627730
6.263309 7.431204
6.249248 1.103262
2.529495 3.220292
3.445386 6.595516
0.840124 9.957796
0.669623 4.347483
8.147422 3.719831
9.192400 6.671444
6.951232 9.358834
3.924212 4.231966
6.645051 3.377980
3.709313 2.423441
0.780972 5.794379
6.124668 7.286832
9.793028 1.418508
0.857436 0.919273
0.227066 6.303100
6.207449 8.598809
0.189663 7.661573
8.050776 9.389370
7.145107 7.811951
5.468568 0.217974
3.482440 9.371806
1.947607 3.426675
2.132312 7.774043
8.336212 6.714944
8.058952 6.799127
2.922117 2.023220
4.256785 3.780046
1.225375 4.871177
9.863785 0.626942
7.020356 1.129114
7.017193 7.966935
0.283673 7.694861
7.532557 9.681292
3.467586 9.716731
9.105315 3.020805
0.671057 8.459040
1.080511 0.152502
3.105331 1.304135
8.602064 4.882914
7.132587 7.392031
7.865795 0.413332
6.862544 8.771398
0.884806 0.934240
1.777296 1.020791
6.442089 2.189510
9.091205 5.884243
6.467034 1.434180
4.264772 8.016757
7.636938 4.016667
8.129016 4.367950
2.140378 3.329732
2.811211 8.025384
2.630916 7.802656
9.233810 2.653009
9.121536 5.661770
7.366370 6.584090
8.806223 6.188440
9.112094 6.963506
5.651832 0.335919
5.794161 2.463883
0.486428 5.403571
7.819300 8.982136
2.759868 5.107832
7.331785 5.313619
5.996733 7.092917
0.653538 4.010132
8.284671 0.465315
0.546519 5.344166
9.391373 0.811800
3.915207 2.883054
5.490469 8.307616
6.103634 3.773177
5.779228 1.481300
6.204511 9.222950
0.122668 1.688323
5.646983 8.837588
3.344890 7.562270
9.067670 0.330227
0.124310 9.280110
0.803704 7.844934
9.798485 3.130094
7.489478 5.654245
0.894982 1.965923
1.261414 0.584103
7.024046 3.148160
1.119421 4.113978
3.629583 2.407993
1.139919 8.626683
8.663996 5.776251
1.449121 5.378603
8.187381 5.318812
3.276012 9.929400
3.426391 7.348835
1.877930 2.363286
9.754312 0.723445
8.944443 9.252687
9.908270 8.293537
9.482047 4.755613
7.584569 3.844241
0.152988 1.269017
8.370947 0.513645
2.835523 6.637932
3.719290 0.104968
4.199497 0.943472
6.931154 1.901836
4.151944 1.729826
3.189283 2.273604
2.461178 5.013736
5.862280 7.332336
4.572136 3.884729
0.633020 9.173102
2.324318 4.812505
3.775850 0.717927
6.199306 1.740342
9.934449 8.289200
6.577852 3.951502
2.887257 6.135347
6.783046 2.656534
8.361986 9.903073
0.955874 5.373664
5.167056 2.715881
5.807391 4.819486
1.108387 8.660880
3.409388 1.585632
9.719371 3.462671
7.111908 9.843556
0.638740 5.296647
0.753670 6.935758
9.282636 3.255496
5.115380 4.187135
3.175673 3.538649
4.072726 0.302253
9.963160 0.825953
1.790266 8.992767
1.433531 3.349804
0.155901 0.230392
2.196682 9.629031
5.128330 1.836820
1.440999 8.871775
7.924989 5.293565
8.953515 1.723508
7.004783 9.386838
4.584137 5.589361
0.385673 2.003054
5.330307 6.472676
6.267940 5.266638
6.382912 7.601982
6.513511 2.571182
3.861991 8.476262
0.531500 2.916834
3.233765 9.888701
9.404222 6.757215
8.511787 7.601219
3.690004 7.905310
4.541574 0.235105
1.413000 8.290036
0.630098 0.050113
2.243259 2.447216
0.357820 3.875586
6.970399 1.502211
7.652554 6.468326
3.147189 4.811929
4.086336 9.043938
1.474109 5.358013
2.128499 3.678974
2.520301 8.700136
3.179047 0.248599
8.200989 4.022931
3.405578 7.555914
2.243991 4.752303
1.960606 1.899460
4.226817 0.118904
8.422850 2.836615
4.986933 5.378969
4.338908 4.020293
9.059257 8.933092
8.474997 9.269289
8.946274 0.030745
6.729300 9.339655
1.577350 0.521132
8.670314 1.972412
0.327192 9.107574
1.000453 4.618603
4.854481 9.267707
2.346871 3.865561
8.476809 9.722788
0.895230 6.124151
8.603632 1.247839
2.425639 7.709069
6.324709 9.389019
1.242303 9.381378
2.822462 7.115474
9.776639 5.974294
9.957165 0.079919
3.197102 3.698066
3.399328 2.498803
7.375607 1.821925
1.087734 1.543403
9.968326 7.654041
1.473262 1.118795
3.592129 2.911826
9.056781 7.316060
1.025034 7.744304
8.523766 8.935116
2.497633 7.711150
1.290814 4.711240
1.808433 4.335276
2.992065 7.641008
2.419839 0.235788
2.888414 5.571901
6.933766 5.806045
2.205114 1.354169
9.526344 9.266694
5.325457 4.960884
7.573673 0.723870
6.085927 6.168990
2.208720 1.952416
4.258513 2.823545
5.326418 1.109736
1.330350 9.189634
0.181636 2.758994
0.404197 3.343067
6.926652 6.234385
1.300973 5.461408
9.878311 4.775149
5.928777 4.962128
8.486123 6.270678
1.287098 2.253996
2.905447 1.846244
9.825269 3.290253
9.287634 7.262335
8.056507 5.706618
1.134716 1.166928
2.566118 8.744668
1.638375 6.172850
7.090573 1.262169
3.276361 5.801212
0.967323 7.797866
8.725907 6.310827
6.073447 6.417206
3.986921 8.174130
2.600379 4.562195
6.809354 4.816187
5.656213 3.970549
3.020040 7.805915
4.012134 1.939781
1.892644 9.665128
1.814465 5.721038
3.484031 6.114745
0.515826 9.480775
3.392599 9.407297
8.444671 9.579887
9.162432 2.996763
6.588334 0.127065
5.582632 7.296672
5.164210 4.881973
1.315417 8.206816
1.953585 3.910213
8.948061 0.066237
3.244990 8.552802
6.948137 7.331166
4.908461 6.507397
9.817059 5.303146
9.967992 2.046448
4.648058 9.905443
0.772606 5.186220
4.799777 9.848543
4.455398 1.869522
1.063824 9.696595
0.667046 1.040660
0.373621 9.449730
1.619908 5.801585
7.241645 0.327242
9.956657 1.535089
0.240008 3.807294
9.185294 7.228996
7.735974 8.509942
6.589857 5.727510
2.264538 0.085838
2.678238 3.153910
7.761855 3.498684
2.385698 6.418525
6.145329 4.536810
0.168843 7.748203
4.050277 3.012478
0.725870 9.700183
0.969065 7.067547
4.269027 9.543198
2.528824 1.953059
5.068685 9.393418
5.177700 1.604455
6.077025 6.565750
0.557782 4.649168
8.564759 7.905585
9.171185 0.098303
2.185291 8.189074
3.761716 3.167193
1.015534 8.081832
1.353728 2.111251
3.789318 7.062944
6.893393 7.254587
7.842784 3.664294
5.792993 2.829010
7.168157 5.215195
1.781830 7.209244
5.763617 9.104227
4.741459 9.697692
9.112468 3.245890
3.665130 9.840152
3.428059 5.380699
3.404478 9.057899
6.104825 3.793029
9.441298 9.895475
3.241972 7.816250
7.721296 1.816600
1.592732 9.043718
7.772706 5.876489
6.147420 9.685582
5.583039 4.142554
3.898255 7.969403
1.758813 0.364725
9.933050 4.776908
5.493200 4.218350
7.814928 5.490024
0.837112 9.338717
5.824982 0.468803
9.170173 3.092386
3.725435 3.384476
2.890060 3.237020
4.599562 4.835260
6.210445 8.951008
9.595728 5.398766
7.058526 2.654019
6.103818 6.877506
0.242895 2.332348
9.779339 1.347670
0.283925 1.935345
7.336928 1.756963
9.282065 3.661306
5.571651 2.734762
3.151951 4.837650
6.385390 9.248128
3.284045 4.947966
0.462990 1.466014
9.291340 9.551312
8.897048 2.681224
3.323676 1.022079
8.075817 0.258873
0.878870 1.165407
6.992361 0.606620
5.463358 2.655772
5.554916 1.466556
8.406634 0.297784
4.859755 7.903373
1.997418 0.596803
0.469876 7.205962
0.609784 8.634380
8.026992 9.661004
2.492321 8.447182
1.786636 7.984732
9.382775 6.298283
5.234033 8.388989
3.737009 7.907162
5.676045 7.287007
2.725490 7.312347
8.615609 2.537204
2.783252 8.120626
3.354699 2.419573
5.759966 7.742753
2.444191 9.509820
1.550642 1.636045
7.008603 3.583414
6.445160 3.805198
3.957788 8.544651
9.952082 4.641637
1.994524 1.965153
8.331156 1.742800
1.247035 8.919204
5.055803 2.883878
9.337351 2.854666
8.375981 5.105583
9.541692 7.211303
0.362195 7.411917
2.081659 6.441395
0.532602 1.448033
7.093153 4.614542
6.600089 7.694287
7.883583 9.373046
2.777958 9.142086
1.033654 2.619165
0.304619 9.726907
0.127683 5.974955
1.064036 3.247340
8.046149 1.619287
5.351973 0.617672
1.213154 9.473516
1.375041 0.313606
0.776616 2.592625
4.253851 4.475171
4.206119 2.238199
7.416688 2.274004
9.179959 7.574101
7.919278 9.297590
4.590109 5.967008
7.495148 0.955239
4.702801 9.969813
2.639334 9.285020
3.329637 1.205788
5.678902 5.311174
4.901094 2.690400
7.555117 8.859412
0.142399 3.294641
3.030346 1.025067
8.308038 3.190646
5.186474 9.066635
2.935260 2.921005
3.334946 0.433989
4.055389 8.921360
1.295649 5.981119
4.669668 3.117535
6.413473 1.238692
8.696180 6.705467
8.783493 4.172713
0.781434 3.563929
8.948469 6.914388
0.124994 0.765776
0.400071 3.991574
6.386090 1.017031
3.232966 6.451217
5.598869 0.199272
9.167781 2.892944
1.715038 4.651500
7.765947 2.271104
0.445314 4.398089
8.690076 4.099105
3.658088 1.492926
1.610873 3.940594
9.569584 6.000647
2.872846 3.924480
8.738702 1.364976
1.146713 2.801280
1.109433 6.238827
5.966180 3.583229
3.329169 3.350226
7.254809 1.581127
4.004179 8.231192
1.651024 8.766779
3.260136 3.113211
3.729903 8.484829
4.512902 8.343793
4.121974 8.019692
6.960204 0.149725
6.434500 4.642857
2.496324 5.724217
6.921072 2.455384
7.646815 0.024525
2.191546 3.318892
0.616152 5.671015
2.748131 7.845525
9.743061 1.620598
7.392125 9.444373
1.585200 2.456030
8.503007 0.036592
5.002123 0.676387
8.034184 0.527146
9.746621 1.460235
2.166489 2.177344
4.628873 7.476560
8.545753 8.467706
6.740826 3.065773
6.447258 9.061426
5.385815 9.400075
7.066371 4.492731
9.337095 8.552276
8.107705 6.191813
5.804669 9.077880
1.928695 5.575045
9.780855 6.828215
1.806917 8.850975
8.330936 8.034823
1.273769 8.229654
5.796300 8.422137
0.854052 4.056396
5.850423 8.054426
0.741453 1.597029
1.273437 2.650235
2.507133 7.387944
9.175004 4.292845
9.846489 9.947527
8.084797 1.189308
8.707920 4.019193
0.575486 2.192701
2.717409 1.493222
6.578661 7.551618
0.047847 4.171885
6.876793 8.268002
0.308844 0.744008
4.540318 9.116978
9.053120 5.780997
1.219625 8.230386
8.102014 0.547946
9.326352 8.004825
7.088495 6.341457
0.873311 7.745950
6.184190 7.678239
8.163654 6.526401
9.227310 3.405112
9.713735 8.749516
3.107357 5.355416
8.472228 2.742933
0.472565 2.399253
4.252039 4.011342
8.627283 8.745768
0.124181 7.113066
9.305545 8.287271
4.163456 5.209727
9.880375 9.470461
0.043529 1.584111
4.145457 2.693867
5.824785 7.153475
8.447737 1.121851
4.943051 7.855036
9.589139 4.667146
0.716849 8.084783
0.952796 3.635963
9.626356 0.168499
1.966786 5.770798
9.804920 1.286917
9.214234 3.628532
4.739104 0.114030
6.495242 5.539664
5.133397 7.000475
6.982591 6.413932
8.960031 1.247207
1.804238 3.830646
1.673799 1.535482
6.841394 3.300837
7.162459 9.442271
6.245386 6.204426
7.782742 4.538894
5.196933 4.849706
9.010560 0.475422
0.411994 4.382472
6.205625 7.937599
7.227810 7.802916
3.601942 7.838705
5.120013 2.059900
0.744587 4.274756
5.817871 0.952866
4.815084 7.109518
9.666341 2.195661
2.482787 8.195932
9.028796 6.972477
6.425035 5.570806
8.537024 1.765858
8.778709 3.767569
1.530411 1.613719
1.780137 8.768766
6.649150 2.255743
2.267558 0.850643
6.756495 6.403689
6.804561 4.252090
4.872712 5.676246
0.667529 9.157701
3.475216 7.953592
6.017732 0.014195
8.572153 2.180503
7.709110 7.009438
7.630104 9.151942
6.681420 4.628063
3.854686 5.710112
9.848373 1.599712
6.361385 5.793862
7.436458 4.557459
7.212753 4.734057
5.291840 9.947347
5.057714 5.003610
5.681402 7.321168
6.863400 3.158613
6.800750 0.198031
8.314811 7.033326
9.114316 4.307497
6.100224 6.467092
2.417642 3.303230
7.381544 1.612515
1.547721 2.540370
5.994424 8.280699
3.716090 6.320515
8.896441 2.492230
6.908048 3.565219
0.642069 1.247831
2.293373 4.720450
6.594764 8.201789
7.475990 8.971129
7.768448 4.301759
9.667381 9.664352
8.772056 1.943231
9.882753 9.429398
9.897695 0.565535
4.951016 1.722578
1.363236 1.909589
4.455358 1.195202
7.767998 6.742034
3.371679 7.815485
4.850127 6.085597
0.635903 7.623258
4.101731 7.788245
7.042040 5.560868
1.506965 7.552818
0.216636 0.998064
4.460250 3.417473
7.462672 5.135951
9.927641 3.858289
6.269853 7.414624
7.578378 9.803697
0.727906 3.913938
1.563711 1.294055
9.185744 4.798269
4.507776 2.197303
0.064947 1.561173
8.641595 9.286410
6.689158 4.672815
5.996164 7.532929
5.929943 4.553017
2.562025 9.957144
9.710827 9.875013
9.351072 3.459106
7.195886 1.260379
3.197824 5.827686
5.924903 9.851353
1.696067 5.797156
2.793073 3.171397
1.661117 8.395663
5.911107 7.978572
5.862215 6.243845
0.296561 4.296518
1.572672 1.905723
9.480683 1.847282
7.271028 4.173803
9.111339 4.271405
9.505422 7.628862
8.288719 8.507300
2.184368 2.679010
6.119308 7.207827
1.943592 5.953746
4.607039 0.502175
0.059370 7.824749
0.553004 4.342480
4.059111 1.470329
1.821513 4.164528
3.216011 1.500312
5.747342 5.575047
9.822569 7.924626
9.183284 3.456178
7.980311 5.087286
2.021573 6.578595
6.446144 0.335272
4.920125 2.545659
4.895717 2.323775
5.691968 4.899060
8.499654 3.681568
6.112552 3.657070
4.375248 4.791402
9.091996 9.174044
8.154324 9.719693
8.880788 9.407262
7.852058 9.538569
4.727436 4.008773
5.453117 0.537476
3.364292 3.660311
8.840360 9.935892
2.538109 7.999123
1.257578 6.110004
0.833056 1.167598
3.813628 5.646142
4.715061 6.036941
2.870475 4.077617
2.505661 2.651765
8.211043 2.999409
1.066530 5.161617
1.301305 1.034409
5.306492 6.212978
1.514717 7.856545
4.943524 5.800992
7.274685 5.638664
9.022788 6.005583
5.835491 7.093913
7.396098 6.223417
6.970177 7.760032
2.859153 3.783518
9.586610 2.157360
8.751393 4.660696
2.309739 9.781562
8.720305 2.160622
3.581997 2.619892
2.524399 7.567802
2.053546 3.944935
2.517842 7.362505
1.628121 3.833616
1.588190 2.717678
6.016863 5.420208
7.427847 9.824099
3.635110 5.286491
0.056174 4.115194
4.066581 7.034171
3.317767 1.716175
3.751050 3.899509
9.055442 4.813762
4.891943 8.877982
2.250961 1.901781
3.234694 5.501056
6.245521 8.478142
2.140953 2.997098
2.233259 4.387519
1.033372 7.877324
4.189539 3.574296
3.185754 2.961151
8.072223 9.855268
7.491492 9.512918
3.620181 4.378962
7.221645 4.189613
4.824715 8.978165
6.023479 6.603801
0.076789 0.600692
5.831251 5.835995
5.565723 3.105630
6.316533 1.978480
2.311514 9.609578
8.169232 0.276679
0.137786 5.770462
4.154516 4.950011
4.839769 1.992787
2.776709 8.150276
1.693674 5.580027
3.507275 6.770393
9.987706 3.375790
6.909099 1.220569
4.107585 6.182064
1.952976 3.675983
2.244018 5.210615
4.813479 0.147128
2.778543 8.968327
0.672801 7.769340
9.304753 4.976495
9.954894 1.901950
6.082005 0.263760
3.017789 9.982638
8.189596 2.538676
7.535084 2.160163
