3.873132 5.732947
3.634973 2.985695
0.577216 1.262575
0.100799 4.121717
3.696171 1.539900
1.101585 4.342122
8.037893 2.873021
6.866882 1.685532
8.741908 5.250311
1.971857 1.005125
3.132739 1.945134
1.859967 0.470327
4.791279 7.034052
1.312652 1.734853
7.667504 7.735711
4.089217 7.470224
2.061268 3.737521
6.511786 3.581841
0.002441 1.026532
2.923847 1.103425
5.270055 3.807566
3.761059 2.112212
9.943648 2.896072
4.282882 2.405389
7.369854 5.131202
0.114875 0.702451
6.086480 5.474777
4.584956 9.348666
3.024874 9.051846
4.367738 8.569753
1.844648 2.995066
8.075697 8.234191
2.053077 6.068555
4.203232 3.722302
0.721855 2.213557
3.252662 7.486366
3.354454 8.310338
1.844301 7.168334
8.192424 0.071817
7.029860 0.860302
9.089011 9.005530
5.940146 6.039412
4.391634 0.189675
7.865450 4.610157
2.908013 4.981044
6.398486 9.355372
5.730226 7.908315
5.043178 0.697546
3.655794 2.928805
4.421309 8.939691
9.390537 6.748988
0.240582 3.459868
0.000922 5.497072
9.289680 1.654532
7.712723 7.734472
3.274440 3.515012
6.814518 1.606161
4.750181 6.298658
1.552495 2.791491
6.581777 9.918168
4.649825 9.606905
3.255499 5.164216
4.982933 8.152884
5.515472 8.540287
6.607576 3.521565
6.941786 0.599838
1.476438 4.486494
4.507966 5.379661
5.960362 5.797284
4.958238 3.100486
9.873502 3.954660
5.967337 3.037470
0.755291 4.167766
7.647235 7.086180
7.422410 8.445055
6.043685 6.221660
7.432363 5.732289
2.588444 3.974620
1.445203 9.533872
5.783553 4.178174
2.572615 7.935276
8.189567 2.054146
4.030620 2.634666
0.829112 4.880128
0.317125 9.912428
8.173701 5.400197
1.112481 7.468988
1.281319 5.125466
3.708719 2.443568
9.055043 8.111729
3.822444 3.816374
1.796990 2.005696
9.725074 9.314407
7.233878 9.793968
7.226443 4.828061
5.217203 5.523029
5.552243 6.540770
0.725978 1.510735
0.920974 8.802784
8.390547 9.915901
6.546990 5.254574
3.632286 7.823944
7.032247 0.975062
7.860540 2.088919
8.469832 2.463819
9.407485 1.604098
0.069583 9.474949
5.468519 9.394405
1.760994 7.023752
8.194224 0.330282
1.057135 7.269078
1.402056 4.354158
0.325512 0.875512
4.737284 9.539848
6.233594 8.012190
0.874030 9.821490
9.783650 3.798013
3.211702 9.080022
7.924672 9.954808
0.451333 5.552973
8.817291 2.215837
1.575183 4.104410
2.819061 9.959813
4.571341 0.530516
6.389734 2.255787
3.017716 8.747636
1.526627 8.018834
2.544267 1.490099
4.099176 4.859358
1.228028 9.471777
2.149343 4.012855
4.046156 3.750989
2.869872 3.944034
7.377574 4.880587
8.020229 5.980408
2.712072 1.792543
7.265904 8.048131
4.944828 7.723044
1.196164 3.926398
0.974813 3.675936
1.464355 1.416161
1.411282 9.420986
8.506352 6.254185
4.088134 9.266246
7.796803 0.870202
5.477934 7.642965
5.314226 6.190109
7.169706 1.249378
8.287954 5.645366
1.667956 3.336461
5.906004 2.202191
2.227189 2.361013
1.542690 7.995859
6.407251 6.675581
6.492984 7.583025
7.906949 2.084681
7.226784 0.555241
1.939810 2.385705
6.545782 4.949764
0.679349 7.819988
0.543483 4.326647
7.957938 9.066166
5.059742 9.075553
2.811327 9.979237
1.039726 4.671342
1.239245 7.993829
2.282403 0.350208
5.942936 2.931807
4.887695 7.482085
1.409381 7.462163
6.579225 7.033108
5.447427 4.907618
2.338616 5.120782
4.983897 4.355659
5.567509 3.126721
0.802694 0.877835
3.766057 6.127894
1.522476 8.249570
0.516574 2.060647
3.287126 6.734034
8.907220 3.654286
7.589760 1.101527
3.368286 0.790915
2.902780 7.030967
9.458181 3.650353
1.488715 0.835137
6.153347 9.295697
2.781632 0.880791
3.452311 2.983567
4.802803 0.717595
0.616992 9.782194
9.326287 6.909603
9.690423 6.932669
7.373850 2.298747
5.035655 4.254646
7.835175 5.787369
8.303452 6.124388
2.586628 3.458981
5.086210 3.934208
2.227173 2.098125
3.188387 7.213087
0.349320 1.024077
1.653915 7.354367
4.841109 4.518409
0.892409 8.720458
4.743872 0.259729
5.268589 9.173443
8.049855 3.912177
1.961409 5.394938
2.727180 5.712284
6.364333 5.350119
9.449469 7.233385
1.502087 5.570661
6.101302 4.575432
9.290336 2.673512
3.710783 7.135750
0.554679 2.491582
6.021725 7.132668
8.751002 8.087328
3.721477 6.871451
8.474502 0.957920
9.761400 9.846733
4.048701 6.516540
3.490245 0.550051
4.706942 9.568306
4.512489 1.406342
6.395808 4.349992
0.310264 4.615138
6.632555 3.354152
3.233998 3.804156
6.444252 8.543856
6.586287 5.722424
6.781333 3.856356
3.770776 5.433981
8.921910 0.544383
9.446879 3.703119
8.324434 8.768612
4.067543 3.200946
8.295979 0.518127
8.155562 0.526487
8.667456 3.936584
2.160283 7.877591
8.672248 4.473210
1.246147 3.997213
1.162796 3.108421
3.236322 2.856799
4.222552 8.428970
5.706569 0.305042
6.846007 0.845912
7.244183 2.983537
4.309507 9.890808
4.813534 1.064378
9.007313 5.912088
4.468263 8.089565
1.321390 8.605516
2.899711 5.440715
2.089410 6.707242
8.616596 9.121202
0.040950 8.242304
8.397743 0.867977
8.086203 4.814065
9.990587 1.800824
6.450211 8.703225
5.106851 0.842173
4.401647 8.475241
3.370463 7.378017
2.331682 8.571430
0.027403 0.570170
2.840921 7.359248
6.874998 8.098522
1.866220 5.567744
7.079272 1.331840
4.233703 5.842183
9.565805 2.480347
7.192096 7.564534
7.124486 1.240363
6.788229 9.757606
6.083033 7.542740
0.831074 7.856927
1.364355 0.717763
3.437067 6.793395
6.592034 2.311639
1.709079 4.496279
8.960411 7.622176
5.909570 2.145840
5.138757 7.088716
0.046617 3.492974
6.417584 0.329645
0.343775 7.821645
8.388610 7.361570
5.909563 2.024532
6.303041 5.206222
0.969572 5.600794
2.550196 1.138094
7.940663 8.727355
0.648723 3.079369
4.955796 2.061667
0.435328 6.550879
0.616576 2.785341
3.228309 8.195507
1.885982 7.694751
5.671681 3.941405
3.190128 6.474864
3.039275 1.095072
4.872660 4.795310
4.774095 8.222634
7.816367 9.673349
9.971718 4.672194
5.559623 0.577062
8.676743 0.015596
2.123264 5.692583
5.244659 6.986422
0.800924 1.135440
3.340533 4.334063
2.599130 3.572577
4.299955 9.346539
7.280906 0.188861
4.188634 8.379243
9.939318 0.116003
9.668091 1.608488
3.852053 1.449646
4.195087 6.821103
2.270318 7.236125
7.550017 3.139381
3.579447 9.770129
6.557425 0.648518
9.648758 6.681741
0.024736 5.736500
3.360031 2.046840
1.248270 9.668317
5.408973 8.601975
3.394104 4.699149
8.591590 8.851199
2.101759 4.256528
9.474055 0.449716
8.378958 5.147702
7.420591 7.865630
7.651719 2.438619
5.877408 1.599255
8.686847 9.838809
0.857514 2.238095
5.659746 3.355943
3.341180 5.205986
7.002151 5.149851
3.544215 7.626718
2.245002 1.747029
2.321425 6.188447
9.228785 8.191928
1.727186 8.809386
9.353671 7.145351
1.921656 7.276500
6.128711 5.253214
0.775844 9.605939
7.025096 0.783787
3.109712 4.922799
7.490854 8.790088
5.012024 7.083076
5.262398 5.125307
1.033118 3.619936
0.263544 9.391128
6.686990 8.239344
8.654044 8.524940
8.662810 5.854071
9.378647 6.918850
5.103568 5.660635
8.288030 6.917934
9.712308 4.761850
2.417454 0.154994
4.990886 1.815609
4.945653 1.591448
7.472131 4.113381
3.595082 2.548303
9.332120 4.946539
6.478220 9.445092
3.664888 5.770518
5.093602 8.169211
9.922379 5.422117
9.517526 1.063044
6.577174 2.557404
2.283011 0.570976
6.401984 8.146275
4.440979 9.528111
8.969174 4.908262
3.167572 7.381346
8.287952 5.610695
8.955555 6.004884
4.085919 2.043329
2.237993 3.953363
4.171995 8.712781
5.717722 7.761378
5.478456 6.406542
4.752499 5.249637
0.654927 7.363470
7.836845 3.854372
0.434669 5.486897
8.276233 8.653460
8.709812 5.807322
3.663453 1.661700
8.198739 6.198402
6.536994 7.257958
4.502410 2.004580
0.971449 7.151080
8.204781 7.761352
5.044484 2.636190
6.437383 3.099822
8.711613 6.076588
9.212876 0.805822
3.448966 6.765817
3.086037 7.015629
1.681370 8.783793
9.215790 9.785980
2.965391 9.333976
6.139160 0.855888
4.905126 0.457679
2.216603 4.447448
8.250703 9.560635
5.591291 2.829730
9.273046 2.081360
1.421562 2.195287
6.194377 8.898537
7.708465 6.177978
3.277447 4.054183
8.658342 0.754502
0.909584 7.372609
1.446168 5.752926
9.434190 0.423678
0.760008 3.447400
0.448946 5.435004
6.115269 9.334265
0.998944 9.245435
8.029943 9.257097
4.032674 7.154198
0.605141 0.606574
4.694495 0.383465
4.888063 3.677596
9.353231 9.747319
3.196658 6.233588
7.918508 6.366706
5.225783 9.741570
6.574182 2.270242
5.955966 1.914011
8.776830 2.177369
5.033105 1.403318
5.560644 7.747020
4.168639 2.307747
6.301685 2.424052
1.045177 6.288151
4.948673 2.348349
8.697222 4.201785
9.401155 5.206799
0.670357 6.689198
5.347056 7.976613
2.931436 8.638808
2.450520 5.895927
2.850830 3.906186
1.260376 3.144057
2.163082 4.916340
8.924947 1.585146
1.547545 9.596559
9.370792 4.894809
7.055468 1.251835
9.588096 7.130287
8.733445 3.015128
5.256189 0.776404
9.019183 5.415163
2.641110 9.142384
6.045269 2.841802
2.172686 6.338884
7.628160 6.489920
6.084029 4.268787
5.499626 2.215202
0.907294 8.891526
9.872537 7.724492
5.533042 3.832408
1.284710 2.126166
4.465812 6.901966
1.349863 7.144559
8.609941 7.283403
2.148296 6.416829
7.637074 6.305098
9.778269 3.364160
1.438952 4.469952
6.477293 3.871165
2.674128 4.071722
3.436584 8.660467
6.468729 9.928973
6.251488 8.766177
3.142754 0.268344
0.061742 7.699787
0.322082 3.234851
8.135255 9.234255
0.117487 4.602356
1.793867 9.516194
8.664445 3.319775
5.461601 3.124454
2.703537 8.348264
9.277346 4.353185
3.972391 3.982565
4.972611 4.675696
4.418694 4.981949
1.618896 8.784241
6.736618 2.338874
9.455808 3.764749
4.143623 1.875582
2.899524 2.296001
8.890756 6.932731
8.407087 7.917537
0.050291 5.245063
3.765858 2.779148
9.133685 9.844309
3.298127 1.615103
5.030480 7.283648
6.272167 6.308157
1.193445 8.232611
5.491006 7.338620
0.188128 1.866564
1.339457 2.251894
7.588799 4.946492
5.696757 5.396946
6.473467 9.554845
8.284946 5.094456
2.517450 0.780138
1.771403 1.977384
3.894736 8.832653
0.393202 8.545740
8.257725 7.581970
0.174979 0.864218
4.916446 0.710846
7.193022 3.126017
8.970163 1.526697
9.191537 2.166442
1.391577 8.234944
4.702212 0.072508
8.637070 3.238519
9.786305 8.429684
7.702280 2.219063
5.791495 7.662615
5.571982 8.297198
1.004118 6.208294
2.793652 2.906774
4.146544 0.968048
9.983209 7.800534
3.573272 5.982846
3.695168 4.681666
4.759791 7.809954
1.894226 6.260618
2.210756 6.170868
3.775832 0.413246
5.433214 6.025149
4.684814 7.660647
2.496728 2.504592
4.683830 1.126268
9.188607 2.920657
7.482622 0.422149
5.063611 4.112211
3.938530 4.870359
6.117002 8.448203
8.940080 5.931894
7.347696 2.724926
7.826631 2.185624
3.774597 9.650358
3.573537 0.441685
3.403829 8.145827
6.912951 5.960452
7.321861 8.519368
5.017250 4.919201
7.012508 9.216834
7.328708 3.602136
1.107623 5.823365
3.290875 9.731689
0.494478 0.690816
0.548166 3.030025
5.632308 2.195118
3.343387 2.313072
5.801696 9.107921
6.828203 1.601788
1.245547 3.915441
6.814866 7.444476
9.309380 2.756909
5.377908 6.495255
5.755594 4.260972
4.151314 1.139731
5.462012 0.043982
9.208168 1.681777
5.618483 9.850798
2.357800 7.539099
9.634736 1.006988
4.448782 0.673720
3.215932 0.175699
2.976699 9.374266
3.287741 7.069694
0.340998 1.154883
0.126981 4.170598
5.248935 8.851980
5.225171 9.450443
3.590419 4.163928
3.137996 0.290520
2.773951 1.800170
5.450954 4.180391
9.830985 9.360266
7.998515 1.045183
6.396389 4.116283
2.369955 1.828546
2.372678 7.606702
5.833841 9.369391
1.358490 2.149807
1.810344 6.459861
0.889545 0.582809
5.270340 8.604504
5.902167 7.726292
5.782507 6.591227
8.747367 6.991559
7.132117 9.484268
2.084655 6.795786
6.769248 0.754717
4.522940 7.054017
6.867373 9.932334
2.740030 1.690414
0.788868 8.498531
4.806557 3.798131
5.189426 8.679085
9.389590 0.843145
0.732227 6.539358
6.991809 1.329790
9.776938 0.999214
3.794043 6.477034
9.514304 6.902847
6.144910 7.494643
2.467072 4.079292
0.661573 9.052255
1.250012 8.954513
8.496826 6.161576
7.601260 4.373873
1.677238 9.334627
7.083633 4.614205
0.943737 1.388662
9.249073 9.163201
5.912463 0.769351
0.478177 6.722343
2.413228 9.130224
1.671219 8.180370
7.479440 6.945899
9.718653 1.398558
5.557619 6.907552
5.219884 0.583194
1.736721 9.071202
9.687525 8.224791
4.057074 7.239747
8.420622 5.386577
2.201511 0.795681
3.006139 4.184879
5.267167 5.269598
6.129663 1.244757
0.622979 0.404727
2.253154 8.752319
0.225544 0.716664
4.978184 8.343170
3.659371 3.042990
3.541281 8.307365
1.880838 1.244206
1.371584 2.216119
6.313893 7.604375
6.729544 3.441690
4.478249 5.938654
0.963959 1.264557
3.405522 6.602271
4.364505 4.243794
5.442031 4.211581
4.049963 7.732418
8.757099 0.569564
2.657562 5.650827
3.453971 0.892869
6.447589 4.632862
4.506439 9.716840
0.922284 0.833700
2.002658 8.673667
8.322349 3.717200
4.983432 6.536803
4.055643 3.185635
0.974897 5.096970
4.780548 6.674512
8.515736 3.968283
4.925813 8.145151
5.554776 9.114654
9.985919 3.342411
5.908611 6.020859
2.572334 3.219184
4.833810 1.843044
6.047625 2.425074
8.213022 6.264844
3.227387 2.691235
1.581536 0.883322
6.000837 6.061074
8.473236 9.678805
1.669217 4.536217
0.205014 5.674740
5.358538 0.943025
9.428248 0.570476
7.997716 7.607855
5.221793 2.670447
2.198951 7.775616
4.776896 5.293784
2.635508 4.991318
9.084663 5.927903
0.258650 7.128161
2.995817 0.697752
7.117397 2.092500
8.655316 9.893041
2.339644 2.397101
8.074334 5.324139
2.801224 0.164947
2.258554 9.515897
3.685308 8.978959
9.355620 9.910525
6.187095 6.513922
9.492510 0.620313
5.598998 2.362168
0.950912 1.979786
4.265497 0.205232
9.326681 3.521241
1.498468 4.752806
0.418798 8.733240
9.566673 7.075978
5.959338 8.598055
7.515014 4.844431
0.343587 4.673723
1.259463 7.788877
7.653501 2.386300
6.539116 2.920688
8.003153 9.000439
0.373590 8.932486
8.287490 7.845841
5.054426 9.740521
8.944033 2.356403
4.070870 9.107832
5.331801 1.576695
9.507944 0.010217
1.719072 2.448050
4.378760 3.823044
3.905112 3.213551
0.158377 1.850632
3.577138 0.952198
3.597392 1.367016
5.445933 9.788573
6.546059 9.614984
9.039483 6.596496
7.300622 1.549196
7.339316 1.891446
9.528820 0.870108
3.899669 1.732608
9.944952 4.804506
9.328609 5.939863
1.270648 5.786562
4.754755 3.167066
8.877057 6.696600
9.755492 0.549204
0.469367 8.654871
2.422458 4.259350
6.892853 8.177407
7.685339 7.499506
4.196985 8.731714
3.924670 1.928417
0.905911 5.651827
0.249047 5.724713
5.244807 9.469964
1.687236 7.372332
6.786896 7.361511
4.917727 2.240640
8.440559 0.475003
3.377575 6.903111
0.585983 8.612525
0.707152 5.096652
9.430442 7.442537
6.717483 0.738100
5.242318 7.645377
5.855131 7.194203
2.962889 7.278746
3.888439 2.988913
4.661732 9.724428
8.460093 8.790881
8.328669 9.944980
5.274166 2.911276
9.815248 4.865065
7.148480 4.495527
6.314485 7.548716
1.273914 0.676177
4.508874 0.645855
4.885292 7.094811
2.492069 4.201455
3.851946 9.653494
6.272708 5.399659
2.065042 7.155139
6.416755 6.399960
4.126926 1.244989
4.537807 6.921734
3.591369 0.134808
5.725370 6.291258
7.165661 3.263195
4.514534 5.776469
5.115462 5.570837
9.056617 4.559613
3.416050 3.549827
1.947303 8.314100
5.072208 8.597319
5.137533 6.517104
2.970483 4.903585
4.545823 1.646107
6.122511 1.047925
2.480321 6.758829
5.632582 6.813850
0.369060 2.793965
8.177051 1.693080
5.592014 4.982047
3.258207 0.689345
5.827405 1.195507
2.881356 6.955918
8.108936 6.879177
8.324690 3.069985
7.235907 3.886024
2.408484 9.391808
8.124368 6.247559
2.715847 5.241231
9.375892 0.619379
9.910337 3.027434
2.078093 6.511834
4.389053 6.809910
4.159463 8.098454
0.716292 8.720532
5.989282 1.867956
4.743510 4.168936
7.300344 6.887498
8.171187 3.137334
9.164241 3.392815
3.049924 0.077406
0.964996 8.693333
8.852071 6.762427
6.102790 9.587804
2.222840 9.278768
8.253899 3.277468
4.407857 2.850988
6.559012 7.309045
3.124068 6.211799
1.699133 7.330745
7.828258 9.531975
3.906282 2.874800
6.758995 8.428944
5.265553 8.150680
8.486102 5.910978
5.810355 4.633388
3.345384 5.864013
6.461065 1.119692
8.665247 6.799522
9.571009 9.951137
8.758255 9.999621
3.631918 1.647922
6.617490 0.147158
3.281935 9.478860
1.207125 8.145826
6.893463 8.431360
5.864609 6.480539
8.426829 9.710827
9.871413 8.843689
5.880658 6.216826
6.187450 2.476598
4.187163 3.647134
7.375007 1.737335
9.386200 3.861541
0.927337 5.757946
3.803311 2.249018
9.249855 2.321049
9.872645 9.549131
2.252969 5.657225
0.976467 1.479896
2.610513 4.883791
1.869954 8.308616
2.911701 6.957749
8.881280 7.677621
7.778923 0.350692
4.081343 5.131564
6.194085 3.994769
0.076549 6.551250
6.864288 8.086238
5.400964 4.009320
4.643935 0.623604
0.918359 4.856234
8.717943 2.466765
8.912714 5.990730
6.198808 3.365423
2.662735 2.589972
9.658182 5.058419
6.851560 4.161982
0.438173 4.365612
2.840969 8.164972
8.690288 7.666442
9.897302 3.954836
8.927505 4.575079
3.356304 9.407164
6.199442 4.019225
1.107601 5.446916
6.323265 5.115691
9.423132 4.586697
8.611304 0.183985
2.239426 8.037997
4.615093 5.863145
1.874200 9.674773
3.909686 0.097142
2.666248 1.630067
6.532109 5.151675
4.197756 1.681538
1.610443 6.718734
1.760197 3.633538
8.877112 7.628486
1.959926 0.474918
1.940575 5.249830
3.892775 5.861803
9.314690 2.000450
1.568459 1.091873
1.104407 1.775476
0.425870 7.605302
2.307932 9.408989
6.872079 9.026248
4.150028 9.524943
5.714097 6.821197
3.860323 0.453164
6.327274 2.500183
0.571400 3.518423
4.141656 8.804397
5.506568 8.890481
2.306799 0.366650
2.279748 5.716815
2.514045 3.559595
6.117842 2.565486
8.117711 4.368123
5.042161 3.595442
8.596521 1.734797
6.739531 1.300171
1.966164 5.324082
1.849928 1.746798
8.431641 0.592362
5.827601 4.489860
1.082519 3.904189
7.708966 4.592421
4.814991 5.560288
1.761178 0.122133
2.689172 6.921286
6.057862 4.490698
5.154331 8.847271
6.078273 7.529619
0.307858 4.177306
7.981132 8.883062
7.626867 4.748188
2.793189 5.127676
0.846641 9.501999
0.098083 8.477236
6.900429 5.516114
9.321189 1.226121
7.408942 2.085012
2.797046 9.945196
8.915776 7.444099
2.971665 4.771449
3.744047 6.204925
6.174410 3.301475
7.891550 3.280658
8.025530 5.083778
3.060838 3.497840
8.190855 3.701414
9.660357 1.619538
9.575004 7.092776
8.288957 2.498200
7.248676 8.500957
5.581080 1.205200
5.801476 5.414892
8.092112 4.118404
8.007797 7.039123
6.543613 8.501423
3.415432 3.161887
1.841100 3.369950
8.752106 6.643102
0.609520 4.198003
5.831783 4.784118
6.665041 9.338655
4.771866 0.744030
4.918018 7.130634
4.565969 0.236364
2.566502 5.200718
8.475192 2.559182
2.170898 6.283983
4.898755 3.375573
3.260915 6.196004
6.242697 1.009569
7.832929 8.040868
2.866616 9.211494
7.586863 2.400614
7.120142 8.220651
4.486364 2.325739
8.698193 0.528374
0.381000 3.469430
0.710562 2.423163
6.105655 7.750498
2.617295 8.871024
