0.000078 1.315378
7.556053 4.586501
5.327672 2.189592
0.470446 6.788647
6.792964 9.346929
3.835021 5.194164
8.309653 0.345721
0.534616 5.297002
6.711494 0.076982
3.834157 0.668422
4.174860 6.867727
5.889766 9.304365
8.461669 5.269288
0.919649 6.539190
4.159994 7.011906
9.103208 7.621980
2.624530 0.474645
7.360819 3.282342
6.326386 7.564105
9.910374 3.653387
2.470389 9.825503
7.226604 7.533558
6.515186 0.726859
6.316347 8.847071
2.727100 4.364114
7.664948 4.777318
2.377744 2.749068
3.592650 1.665072
4.865174 8.976563
9.092081 0.605643
9.046531 5.045229
5.162920 3.190329
9.866421 4.939767
2.661445 0.907329
9.477642 0.737491
5.007071 3.841421
2.770818 9.138174
5.297474 4.644458
9.409800 0.500840
7.615143 7.702045
8.278173 1.253654
0.158677 6.884553
8.682471 6.295434
7.362245 7.254120
9.994579 8.885722
2.331949 3.063218
3.510152 5.132737
5.911136 8.459816
4.120808 8.415106
2.693173 4.153946
5.373040 4.679174
2.872124 1.783277
1.537200 5.716548
8.024057 0.330538
5.344498 4.984801
9.553608 7.482927
5.545838 8.907375
6.248493 8.420396
1.597675 2.127515
7.147100 1.304273
0.909903 2.745881
0.029996 4.142933
0.268763 7.098196
9.378973 2.399108
1.808959 3.175395
8.869907 6.520587
1.503351 6.813462
3.858147 3.877253
4.997410 1.475330
5.871866 8.455757
5.901086 9.554088
5.561461 1.481516
9.833051 4.087667
1.418198 5.648987
2.521264 4.885145
4.640305 9.610951
1.260308 1.997572
3.192497 6.292692
1.267122 6.512537
6.216340 8.030730
2.478418 4.764318
3.893142 2.032503
0.283752 9.016735
4.264974 1.420210
9.474868 4.103130
1.311885 8.856484
0.921736 1.621986
0.710636 3.653390
2.530574 1.351094
7.831532 4.553073
3.495241 4.523002
8.089446 9.316744
6.516461 2.152484
6.795924 9.089219
2.501256 8.608598
4.712623 5.059559
6.003937 8.175615
7.558435 4.622450
9.513675 6.327387
4.393303 8.246974
6.889809 7.022066
9.871455 9.544149
8.512697 2.893162
5.374257 5.144347
1.034339 4.140285
5.767166 8.765657
4.400387 7.297477
8.692637 7.156423
8.007203 7.065355
7.417159 0.190924
8.860311 5.249874
4.633227 0.651939
7.134223 4.889432
6.676791 6.820491
1.995547 9.166339
8.658827 8.900187
5.439483 1.391950
4.503474 9.893625
2.155320 4.460234
3.157324 5.146595
8.815041 4.397256
4.675318 8.066499
3.651581 2.115190
9.991167 1.536045
6.304883 6.163504
0.005950 0.008790
7.733520 7.273350
3.191776 4.177237
6.824942 6.805620
2.052619 8.364199
7.089206 8.287080
0.945488 0.817376
7.640049 6.295718
2.138522 2.135468
0.810608 3.888232
9.521597 9.475451
3.898536 2.692147
6.921690 2.840350
7.768658 7.838652
4.224598 2.821559
1.939675 0.113162
1.918238 9.832358
2.440542 8.197261
1.364549 3.981437
6.010101 1.768804
8.283547 1.577312
9.879370 2.571687
2.335992 1.016374
2.194106 6.347174
6.960073 7.947698
6.962428 7.529404
6.695206 6.334299
0.564407 5.982166
2.270077 3.187779
6.998344 1.174369
7.625707 5.261233
5.539113 5.879889
3.296664 7.029894
1.430453 1.616877
4.853252 8.602257
8.132657 5.568358
7.389966 3.160073
1.353322 5.285483
3.107389 5.881191
5.180836 4.308478
2.588428 3.702263
3.930176 4.468659
4.758962 3.878312
2.792930 0.782632
3.697420 2.539223
6.717842 6.762369
5.139364 7.286084
7.207678 9.447528
4.606973 9.401631
3.215601 4.604342
5.171453 6.613555
4.018329 6.056397
9.865027 1.503939
6.700984 3.438176
5.417102 5.228077
8.292387 0.149506
2.742097 6.429789
5.461366 9.178477
2.666133 9.700867
2.467331 8.439754
6.940237 4.557516
8.171013 0.220837
1.607489 7.069500
7.078263 4.366384
5.824211 7.517101
9.915330 6.956792
2.795117 7.538627
1.711789 0.042539
4.956911 0.799169
1.630811 9.033012
7.829920 7.466791
4.364257 0.063417
5.847872 5.184784
0.668498 5.440227
3.897314 2.158259
3.857694 6.268614
6.590533 7.093198
5.386613 2.802889
8.159322 3.719097
6.861016 3.101689
0.093475 1.037973
5.209601 7.758803
2.206851 0.552788
0.706349 1.602739
7.237637 2.970221
0.506026 4.778043
4.571619 5.199885
4.464896 1.503115
2.859424 8.336821
6.956374 5.777760
6.811645 3.311750
0.574753 9.868830
5.423931 0.016574
8.561926 0.293555
3.775504 4.896517
5.761730 7.389587
6.793322 5.362668
0.355877 1.225069
9.733556 1.882758
3.513187 6.141255
6.076115 1.259328
5.528621 9.540285
3.569250 8.381016
9.742523 2.590142
2.515276 4.243359
8.130480 8.979142
2.445862 7.606173
6.948564 4.518512
2.636202 6.655035
1.165710 2.095623
1.136757 5.469748
0.060794 1.759743
5.993593 4.319083
0.825065 6.874145
3.753101 8.362066
1.236374 9.733462
0.296353 0.803531
4.942446 7.694374
9.340305 2.501553
3.596578 7.691141
4.999553 7.492516
6.719035 6.816658
7.567702 0.363676
2.305719 2.216673
5.626020 6.526219
6.166104 3.714657
2.248012 2.336915
6.530116 1.659275
7.441042 1.597577
0.476386 6.619935
1.249449 9.491571
4.841805 6.210456
9.140250 0.179445
5.935457 7.218716
4.965820 0.536944
4.416326 5.191749
7.719442 0.653563
4.427903 9.771802
4.677414 3.290561
4.459299 7.432740
2.053413 1.713793
3.725198 9.397254
9.648512 2.549575
0.703352 1.238488
5.263378 1.600832
5.177072 1.051848
8.415760 3.685621
4.238905 3.272276
7.135465 5.767759
8.718842 7.582458
8.365978 6.997911
3.890602 9.352416
6.056026 3.620836
5.395047 4.550724
4.016922 2.404405
0.830857 4.215787
4.723799 2.897665
1.049691 2.163861
8.020186 5.274391
6.688204 8.636428
2.437503 7.115644
2.636629 3.828215
0.810055 4.597628
2.328670 7.953526
4.913431 0.032288
2.661192 6.646888
4.251911 1.868247
9.634756 1.340391
7.958557 9.460446
1.711552 6.060013
0.638036 3.474917
2.924680 5.096582
8.258365 8.343385
7.264431 3.294343
8.020844 6.317633
0.453407 0.414204
1.533151 7.670650
0.617314 5.193032
9.291498 2.205155
2.045629 0.889927
6.996910 7.064613
4.946309 2.617785
7.115713 3.783662
2.006445 2.326076
4.360962 4.694985
8.611874 9.772383
4.445192 0.342431
5.237717 0.316388
7.531738 5.915882
8.228910 3.295789
2.320781 5.365283
4.306184 4.035811
9.873247 9.669097
8.505306 8.675142
3.116052 1.483904
9.975986 6.395233
4.680747 9.319147
6.907726 8.154068
5.415346 5.728065
1.592161 9.452503
8.213337 1.554139
0.410748 3.436134
1.100194 0.965383
5.187733 0.224050
5.614837 8.568761
5.169081 6.745247
7.371749 6.984603
0.227995 1.919838
6.709910 3.458717
0.662903 1.407105
9.211175 2.216565
3.801146 5.860158
1.673128 0.263397
6.911265 7.623439
7.136953 0.773243
5.898093 9.255030
9.296978 4.304460
5.059696 8.312560
9.192361 6.016376
7.238365 5.193366
4.908170 1.614194
9.761156 5.743603
2.732511 5.314273
6.985582 6.670493
0.974325 5.487363
6.107377 6.679654
4.951253 5.715826
5.888880 4.413132
1.512169 5.022747
7.313638 0.316565
0.516167 5.220635
3.206423 0.350595
2.451423 1.071805
3.829685 5.518294
5.971685 6.111106
9.352515 7.720303
5.131485 4.866812
6.501277 6.969957
4.075377 4.868495
4.797829 7.104501
5.341986 2.766470
6.055382 2.801037
7.033695 5.304896
9.382540 2.354027
4.134942 5.974762
7.830023 9.202524
6.814911 8.211773
5.274130 2.302697
1.436842 8.995211
2.514221 6.515145
0.048156 9.359359
2.753531 8.587659
2.789286 9.524309
5.068200 1.229498
4.164754 7.024714
4.364912 1.077388
7.661748 0.998656
4.412652 3.445765
2.970642 7.576211
3.385096 3.307584
0.556062 5.731829
4.852860 2.024820
1.144746 9.743479
8.646095 4.918407
3.673948 8.049124
1.622038 1.595798
0.577229 1.492514
4.681014 3.806083
8.837047 4.241335
4.122479 6.512946
3.083275 0.601425
8.144165 8.976569
9.194920 9.012179
7.700465 1.707962
5.724419 0.314038
8.032678 5.222146
8.616218 2.771982
8.694941 5.868620
3.891719 8.118954
5.256702 9.398715
4.200381 5.798625
7.491450 8.807841
3.380847 1.895486
7.431260 7.189194
8.791618 0.728690
7.101136 8.790599
3.593794 0.898531
1.610291 4.167964
0.964286 6.746928
5.626116 8.130468
8.781918 7.693601
6.352054 8.965240
8.784130 4.864707
1.130706 3.774845
3.826196 6.875779
1.217396 0.768218
1.433021 4.776408
7.085880 2.380193
3.909666 9.758808
6.287667 6.811988
9.086906 3.624001
8.592131 7.942779
4.288733 0.735110
4.986306 4.838728
4.507348 4.996573
7.407588 9.328435
3.001217 1.461956
1.100185 0.803220
9.724762 4.081775
2.384104 9.631602
8.334740 1.980799
1.294815 1.963074
3.391192 5.756792
4.402681 5.856746
4.328773 3.682027
3.823169 6.001327
4.294728 1.487874
6.701967 9.954006
6.980664 4.027399
8.492782 8.195272
7.933822 3.742494
0.096079 4.797786
6.390579 6.464952
6.448979 7.990348
3.773641 3.576718
3.895005 3.343068
6.935887 1.448975
2.915254 6.668563
8.543651 3.146989
1.441425 6.022494
0.055882 9.208295
3.819549 5.165315
3.444555 2.641335
2.909998 8.336481
1.243907 6.346194
0.486975 4.580459
3.768166 1.558729
7.558557 6.659732
0.115306 7.948808
5.609144 2.886545
4.155602 3.206113
5.145903 7.191552
8.420439 2.318953
4.650070 3.733593
0.500431 0.738503
2.024493 5.661826
8.315239 4.225525
8.395486 2.930434
1.811958 3.575257
9.341102 5.894192
3.690405 4.630587
6.278303 9.444521
4.057863 0.504816
4.448501 5.959272
7.483111 8.641715
1.310231 1.045794
6.653081 8.333778
5.812851 6.585936
9.820324 0.189160
9.214729 1.946789
9.677232 5.230725
2.787957 7.197948
5.904586 8.370819
8.346915 6.598876
7.304482 6.430267
3.495291 5.348762
6.641473 3.234289
8.691880 4.423703
9.179673 2.766676
9.517533 1.172378
4.160074 8.363755
9.625354 3.329283
5.261817 5.359563
8.181073 9.298901
6.628930 2.432285
9.414290 5.967232
1.260336 2.469737
8.867255 1.961780
1.629581 8.359970
6.024051 6.232426
8.386786 6.716482
3.915554 8.712838
6.673479 1.156066
0.000402 6.760653
6.287532 4.545472
5.743459 0.322694
3.513926 8.550825
3.708372 6.614254
5.764301 0.599598
7.444683 2.794932
4.426237 1.764201
0.918009 8.972447
9.924195 5.941592
0.330036 6.909316
4.872118 5.693399
8.957241 4.345028
6.885942 2.031583
4.817203 2.724429
9.471199 2.443002
9.532621 4.769517
1.270876 9.614361
8.571558 2.174098
0.070079 7.824746
0.503933 9.600548
6.413740 5.734002
1.370934 1.290429
8.246268 5.018537
6.558877 5.050590
5.264544 1.183973
9.030564 6.689045
2.775859 3.867074
3.914935 8.310967
2.430013 1.234443
7.283065 6.480753
2.012167 8.486953
0.225564 1.055624
1.879789 3.609674
7.796584 7.192043
6.663641 5.809693
3.511726 1.571543
2.920907 1.691095
2.236968 6.713515
4.047651 8.865103
5.793623 3.418479
4.372404 6.996391
8.342829 7.919825
8.490678 2.822196
2.646617 1.699609
5.335321 0.731837
9.987357 7.501709
1.222208 1.645996
4.251070 7.732024
2.135678 4.339283
0.330772 9.293215
1.060431 2.662868
4.820487 7.927802
2.575245 2.139158
2.824645 3.806276
2.081233 9.285276
7.640636 6.165631
5.758527 3.563341
9.078478 1.979005
1.141067 7.911405
6.981626 0.182512
7.479690 1.145294
8.949637 6.546288
3.458905 3.824130
2.150492 3.312916
0.177851 9.143681
7.854700 3.934509
7.299834 8.315510
8.777967 1.296093
3.434249 9.420695
3.621915 3.520605
0.806552 5.718913
7.763934 8.442014
4.932955 8.173168
6.427343 4.353753
3.523145 3.491570
2.815445 9.191186
6.261525 7.445801
1.575401 7.764177
2.519553 6.120577
8.546031 3.146075
6.084445 1.259222
3.736618 1.332934
2.618627 1.260310
2.028173 7.505248
0.709501 4.589137
9.632436 2.346759
1.975179 6.839461
0.813265 8.542365
1.525626 1.201767
8.091238 9.441926
0.455203 0.602624
8.297222 1.411793
8.011678 2.274885
3.992146 5.991941
6.552064 0.537268
9.863636 8.123052
4.135796 0.318384
1.080487 9.744670
8.671191 6.710796
8.343689 2.382172
7.169388 5.897080
2.225399 2.277623
0.015736 4.478140
4.097658 9.330054
0.224617 5.134989
3.765014 8.595106
7.938722 6.094682
3.318037 6.240051
6.538731 6.443898
2.591198 0.260003
9.870416 2.077493
6.423252 5.603247
3.769335 1.206907
4.491068 1.377156
5.858001 5.426003
4.836013 8.865997
0.815947 3.625930
1.008091 2.992111
8.416679 9.130022
8.279271 9.702989
8.132801 7.978723
8.397958 4.487203
6.420952 6.939261
8.157594 4.682093
1.936337 4.015547
9.306519 4.672088
3.784446 5.175955
2.277562 8.992673
9.858474 1.369940
4.584809 6.891342
2.790152 4.092783
7.399317 0.312551
3.039324 1.926467
8.131894 2.748687
7.177610 4.086265
7.850730 7.222929
5.770591 6.329386
7.985958 0.002753
6.277948 3.464314
4.718565 4.922074
5.296197 3.185493
8.579246 1.380020
3.991424 3.869130
8.464364 0.561348
4.568790 7.655318
2.924949 9.619206
9.999999 9.990921
7.416166 3.497826
7.965847 1.990005
6.007344 5.428245
2.516928 2.016169
5.756241 5.137590
7.477008 6.080199
9.896352 7.984503
5.547776 1.466714
1.070104 5.237845
2.463004 5.716270
3.343654 6.787094
0.693666 8.446407
8.762618 3.320727
1.454004 7.440746
6.618910 4.027837
5.850274 5.554527
4.941164 6.145014
9.248298 6.139261
2.563836 0.396633
6.207142 3.434893
0.241668 1.713935
6.107231 4.238453
5.684376 7.303727
3.739731 3.656439
3.762769 0.866058
5.831153 4.181657
1.108065 3.252624
6.851648 5.639836
8.718708 5.318602
9.745380 0.602413
4.753442 1.101322
9.921788 5.495150
6.987045 1.272372
4.749842 0.593470
4.451073 9.179770
4.395108 8.585112
9.971767 5.493023
1.242843 8.463254
1.902579 6.643456
6.562726 9.731932
4.576164 1.593467
1.391851 2.833327
9.729635 5.979563
8.522082 0.628860
9.256232 9.493941
4.666676 2.822312
4.602505 4.308244
8.661390 1.986306
3.847658 7.591964
8.142246 6.727388
7.215853 6.833649
3.139863 1.684827
6.880419 9.209357
1.657645 0.038184
1.763062 1.781518
1.980525 6.682736
6.744522 5.174822
3.234049 4.669674
3.208243 0.936437
8.704376 4.451209
1.477749 6.520463
9.419815 8.823503
6.609272 2.039133
1.703466 0.160746
1.654138 1.090832
3.611924 5.611331
9.638392 2.454944
0.238609 0.300402
8.861716 8.863517
9.132235 5.474012
1.725761 4.870479
8.144188 9.366087
5.830635 5.489065
4.717530 7.533368
3.323123 1.724587
5.129637 3.804265
8.281649 9.670378
0.047779 3.013896
4.545660 8.904530
8.435325 2.503560
7.339108 8.395563
4.229612 7.084790
4.058741 5.263001
5.255603 0.915335
4.036879 7.821303
2.647889 3.078589
1.849680 7.566264
6.206727 6.453458
3.273133 1.542324
1.843550 4.551992
5.331804 1.624279
9.257696 4.090576
0.311874 1.672854
5.650613 9.854311
1.402590 3.335699
3.091185 3.543263
1.628680 3.221503
3.795824 6.413758
6.023108 0.376828
3.351031 0.782141
5.440287 4.911220
2.878713 2.527185
4.393204 6.586140
3.255787 0.016643
9.726960 1.008698
3.183766 9.555155
3.492691 1.654064
9.854892 1.164421
0.418850 9.609559
7.852812 2.203904
1.014610 2.545628
4.375107 2.430108
2.825935 5.492284
8.823021 8.516493
6.704681 5.576104
7.578332 9.019964
8.533801 7.596974
2.339500 9.982901
2.612825 3.750401
2.995029 7.455222
9.918347 7.663134
4.286096 6.416650
4.638009 1.024681
1.818804 8.633607
5.033576 9.309751
8.980360 2.911661
6.291412 9.753998
5.440489 8.306691
0.548099 1.896219
9.752939 7.652091
8.698776 0.323388
5.184373 3.754370
9.696670 1.931474
2.285712 5.969475
8.965044 5.494785
0.847728 7.769841
7.710899 7.083984
0.519357 8.835647
0.716365 9.946611
2.699173 4.997731
6.873177 7.484349
9.446475 6.897074
9.117731 1.712272
8.153319 2.828275
4.818772 9.108528
7.031832 3.993079
1.684359 9.024936
2.100642 5.483651
3.727770 2.631527
8.067017 2.358338
6.589121 3.356055
5.221308 4.528831
6.068702 6.671043
0.217659 8.192049
3.773155 5.417963
9.696999 7.462839
7.932861 7.586989
4.532282 4.067498
2.442258 7.022796
2.138193 6.611773
4.070492 2.763934
3.431488 3.014630
6.884009 9.542916
7.781818 9.023039
0.216561 9.742401
0.537520 4.099580
1.635507 7.960381
0.115786 6.020064
9.214678 1.099271
5.450154 0.730384
5.565171 3.833808
4.814298 3.909329
4.086725 5.591088
9.410781 6.990295
5.896359 0.111431
2.827624 3.873830
7.457944 5.656901
5.543088 2.685855
1.171632 1.616204
3.543052 8.083100
2.657340 1.916710
4.144492 6.481543
5.296646 0.728548
4.699458 3.789551
0.988572 4.932548
1.328147 2.162455
4.382908 3.531263
9.938057 8.921491
3.499399 4.391505
8.016292 9.821682
3.012183 5.766378
5.519214 1.432443
5.065449 4.998352
7.296414 0.825976
2.170627 1.729271
3.852189 3.746215
2.643639 1.646847
8.565030 2.454271
8.933653 7.911563
9.641965 2.507458
2.840810 5.498137
7.188978 5.152904
4.864849 3.518688
8.584764 4.122104
0.204031 9.156875
9.595150 5.686320
9.978819 4.005229
5.876603 8.063550
4.082253 0.434072
5.454352 1.300990
5.746992 9.692200
6.813356 2.072091
5.638621 8.306832
2.928724 3.060616
9.779845 9.849220
5.837052 3.328685
5.215733 0.823947
8.077397 6.816561
5.947643 2.041531
2.004024 1.639365
2.807876 1.974649
7.930548 8.718266
7.892004 0.907455
1.600076 2.470257
7.614397 5.170698
3.917932 8.679915
3.326945 5.967026
7.802098 9.867290
9.543537 8.227987
7.770385 6.864308
8.419485 6.279984
7.683939 3.966553
5.852573 4.200513
8.015992 4.777587
6.907725 8.136224
5.509190 2.947931
5.869860 4.743201
8.986392 4.292414
2.599193 4.640328
0.000392 6.580646
0.918404 5.623061
6.790425 6.676233
7.452640 6.524652
9.819884 2.796920
7.827694 0.051816
0.868126 0.591972
9.267695 2.146594
7.813562 2.536614
2.865912 7.381624
2.958573 4.731903
9.099734 9.230613
8.917862 2.506546
7.524058 6.839096
4.681070 4.739221
2.087527 5.063901
8.977709 8.350663
9.587061 9.731016
9.184357 1.487037
2.628903 3.964879
7.714506 7.706179
7.757157 4.544784
4.186730 6.363210
6.470960 7.420021
8.294920 2.721354
7.802214 1.804082
1.199969 7.877070
9.918532 0.772550
4.249325 8.411158
6.335423 9.448105
4.303532 9.459629
7.985588 3.771790
2.467917 8.287048
0.416034 2.286008
0.940002 8.614294
0.434911 9.546513
8.242321 8.690136
5.119742 7.501040
9.982994 4.174577
2.116025 4.037073
1.089047 3.620573
0.968765 2.039262
3.870901 8.235794
8.992066 9.658367
8.170653 4.168393
8.174406 7.249633
4.585241 4.151004
5.927056 6.033598
6.675187 9.874302
7.390971 0.042021
6.254614 1.301777
8.960955 6.778324
3.283297 2.368330
4.514596 6.807437
2.588294 1.459930
7.038495 5.987797
6.909665 0.737121
8.796456 2.029640
2.167390 7.325987
7.856226 9.582148
7.154603 7.404769
1.952291 2.154472
0.204581 8.391599
7.608270 2.186244
4.201982 2.707013
6.768511 8.358452
0.504922 6.228139
6.336918 4.577325
1.095213 7.252346
0.175173 4.128362
5.381747 1.022574
6.403544 4.357725
0.278005 2.424781
3.299002 6.318424
3.757687 5.446403
7.688510 0.789411
7.627208 0.482647
1.845939 4.703301
8.384803 3.384523
3.683497 8.537982
7.867126 2.785634
8.152974 7.033318
8.978920 8.703762
4.128150 1.819810
5.544434 5.309306
3.509684 7.252914
9.719900 2.353270
1.408483 2.377463
8.015602 8.223003
4.010155 8.678885
6.023704 0.386598
7.551311 4.877122
9.786015 3.552526
7.298843 1.650431
8.788785 3.103277
6.775838 1.503711
2.878507 9.067069
0.221688 5.917144
9.445963 8.293311
5.681092 2.113423
0.303791 5.821171
6.416466 1.550585
0.682637 3.075251
5.743065 3.686089
2.100336 0.349710
