5.300743 9.579779
7.344601 0.714711
2.140148 9.460923
9.736398 9.646463
8.111202 4.974186
1.139233 7.087876
5.926047 9.069473
0.627120 0.002125
5.711019 5.088896
9.080697 9.273455
8.955260 1.060888
0.349771 8.605246
8.363156 9.561817
5.464399 0.158273
0.087430 9.428847
0.629161 4.309171
4.236100 6.130845
1.106986 5.113996
0.927713 2.076957
7.413458 7.986159
3.366370 8.588536
7.519687 3.372263
7.625369 9.575297
2.020650 1.057261
9.389320 6.304242
5.391993 3.232751
2.847800 2.970453
4.396827 7.474041
6.201495 8.526469
4.369303 4.873006
0.619929 9.142165
2.371572 9.004048
1.034448 5.966959
6.686919 7.047858
3.341178 5.170689
3.766726 7.369848
5.032120 4.846477
4.739072 9.575810
0.641552 2.561657
3.763824 8.597558
9.159348 1.155675
3.433452 6.033377
2.973784 0.392777
1.409892 6.048630
9.317353 6.744195
9.680163 4.499128
6.841120 8.710123
1.042067 4.028431
5.837504 0.925977
2.892817 9.578361
3.519959 9.956935
6.198588 9.661828
6.350630 5.039403
7.242753 8.946331
0.985405 1.708697
8.076856 7.720442
7.468752 7.311863
0.474698 8.245355
9.683158 4.839900
4.202015 3.263546
0.420626 9.452913
5.115803 1.306392
6.524658 9.919984
5.165230 2.019765
6.187003 4.961092
1.079965 0.968336
4.826323 6.014593
7.258753 7.857483
0.717023 1.005350
6.909197 2.874046
4.096086 2.918484
0.966348 1.410231
1.751314 4.326683
8.562212 5.098789
5.346668 1.452238
7.769728 5.818014
3.354544 9.816131
9.714740 5.632324
2.477806 4.488295
4.777310 2.244461
2.660536 5.634013
0.853325 1.839121
0.101620 7.922267
9.539515 0.628740
7.225211 4.122540
7.529513 8.526577
6.176725 2.209800
0.113036 9.803632
9.637380 5.438539
5.518117 2.984673
3.398883 5.025246
9.310953 9.187654
6.903758 1.453053
1.462118 3.809126
9.977830 7.394934
6.651937 9.107989
7.974766 1.887751
7.425249 6.159768
7.215146 4.965273
1.345656 6.437931
2.301363 9.004511
8.809946 8.759480
0.574520 5.953923
7.591547 1.122306
2.592935 9.466056
6.011319 2.238594
4.053058 9.741460
4.712914 9.953466
7.898241 5.739637
6.072428 9.303676
6.882477 3.796352
5.289408 9.082508
9.704570 4.706142
6.123073 0.484727
6.799131 2.988172
2.202152 1.565704
4.787159 7.780858
2.886709 6.920345
0.245153 0.282022
9.937156 3.774727
1.841116 3.631194
9.483474 8.748757
0.350923 7.968388
4.689423 5.133407
7.169290 4.252682
4.820732 2.043377
3.036518 4.753887
8.583018 4.785742
3.958956 8.167159
5.440648 0.973604
3.364786 1.965810
9.371894 3.415912
1.231109 1.246809
5.125293 0.797623
5.647891 4.099400
8.608658 5.720816
9.757427 3.081543
1.485609 8.633959
0.944833 9.801135
7.680214 1.356303
5.385829 9.627431
8.239116 4.827341
3.123427 5.440523
8.872067 2.837914
6.824694 2.638470
4.757322 6.310396
8.826463 6.371519
6.126728 1.911473
6.121552 4.924431
4.906078 6.454309
7.563300 6.389695
1.601346 3.827871
5.030595 9.202595
8.022442 3.177106
7.619291 7.431552
2.093902 2.208070
1.028057 8.552311
8.690613 3.126274
3.289066 9.339706
2.432537 3.655243
3.663871 8.672327
5.803224 4.777864
1.565667 4.166215
1.572747 3.160446
7.618879 0.492536
8.060178 7.417305
2.648091 6.464277
5.096830 2.428646
8.253797 1.560363
5.017138 3.043299
8.720068 8.177157
3.478588 4.623001
8.780252 9.699304
6.206889 9.176174
3.954250 9.077863
1.637945 8.946215
9.043135 7.975814
9.504047 4.517203
0.623443 8.210592
5.412292 4.388570
8.694122 2.103915
0.491444 9.702490
9.750681 9.692244
7.541834 5.609412
7.382011 9.461112
2.903182 3.781680
8.692722 8.577066
4.746507 4.543440
1.589106 8.099859
4.331813 4.788609
2.156633 6.535526
2.588694 8.186538
1.136648 3.650118
7.525050 3.522332
9.837921 5.936384
2.814244 9.000875
7.706429 1.947709
5.138067 5.500446
5.989847 1.360560
6.926749 7.864226
4.045354 0.269755
3.768284 3.552340
4.179330 2.003455
2.063411 9.747194
1.082678 6.561633
1.364930 0.379572
9.467286 6.675751
9.352896 4.121569
1.203785 2.015888
1.030679 2.621109
2.983467 3.130543
5.038402 0.427798
0.008505 2.950669
1.900260 7.667276
3.908616 2.110815
6.467671 2.146758
0.558426 5.469671
8.764512 5.155892
5.084078 8.097732
8.587533 0.664113
1.753317 7.999011
9.372675 6.549107
0.847258 9.869825
2.152170 1.515707
4.489692 8.258531
1.124094 2.640558
9.865319 6.412716
8.517085 6.652310
5.366345 2.167054
1.683644 7.003242
3.481164 7.928494
4.192629 5.516500
5.808858 9.475602
6.440775 0.111870
0.198498 6.162703
6.550387 2.351147
5.727283 8.447539
7.791183 6.406551
4.898069 1.852497
4.913920 8.255924
7.307461 6.495238
5.464531 2.370631
3.189382 3.941325
1.848453 6.951843
9.618891 4.702956
2.585150 8.621998
9.915538 0.444222
6.033514 5.270198
6.210574 1.123530
3.170339 3.880154
3.748647 3.511453
6.984351 5.992521
6.299650 8.221645
1.180323 7.689360
5.074648 9.605772
4.209090 2.172235
8.758733 8.018832
2.511161 5.085255
7.888664 4.769300
7.622614 3.274418
3.150617 2.415102
0.622360 0.000039
0.656085 6.812780
2.394160 8.640559
1.877512 5.348590
3.750177 9.229215
5.417701 5.305467
8.979156 2.674470
9.824965 8.180026
1.688866 4.767207
2.452867 5.338950
1.734003 3.384771
7.849239 2.156477
3.911971 8.491353
4.170431 2.439425
9.416792 8.026610
3.226085 0.807532
2.195220 5.061667
1.434459 8.950184
5.744385 5.875176
4.091146 9.891037
8.664029 6.340767
9.269780 7.190493
0.621397 3.819647
6.802122 3.257568
9.938418 4.998588
1.276514 4.368136
5.257229 8.253860
2.630775 5.440423
7.183215 8.298611
4.752218 0.526502
8.915161 7.107578
7.068731 4.154266
0.755312 4.531458
0.208250 0.065502
0.894040 6.138578
1.077074 2.384975
4.275756 2.636269
7.767318 5.316161
8.724013 4.493506
2.349529 8.540355
7.740599 6.247154
5.924280 9.379437
0.189398 3.207899
5.157055 4.624722
7.701035 1.287830
4.553996 9.008671
8.726659 8.959101
5.608243 7.734459
3.051623 8.634184
4.730995 3.836905
6.866932 2.530624
2.192272 5.513001
7.013102 9.211421
6.345679 1.822792
5.672095 0.896230
2.930183 7.588379
7.892507 9.372926
0.763999 0.523063
1.116093 8.180717
3.311415 4.959489
4.136593 3.717363
7.719922 8.724428
1.456548 0.204262
3.039458 4.176470
3.930608 1.722765
4.504036 9.339348
6.427208 2.079645
2.588044 7.253100
2.846612 3.015011
3.290753 7.691667
3.854621 4.607533
8.804779 1.921921
1.730799 9.545455
0.466289 6.911927
8.751440 5.456402
5.756659 2.174670
9.679217 8.605650
5.162471 5.646023
2.700163 1.633384
2.280276 4.601153
1.580390 1.609245
6.574599 9.278051
6.206847 8.475557
8.691455 7.289420
3.278135 5.623122
7.816775 6.541770
7.534593 3.902952
6.915399 7.104615
7.258664 6.370786
3.798787 6.218345
1.730137 8.409627
0.609051 6.323188
3.824732 2.264978
7.488801 4.272043
0.228174 4.921641
8.028552 5.880045
5.921002 4.281014
1.007091 6.179114
2.363301 9.996616
3.133366 2.485218
9.060771 4.381940
7.269946 5.983365
2.407247 8.601293
1.936299 3.377307
2.399896 5.058063
0.866187 8.007744
6.155917 2.504221
8.440813 4.748044
0.379145 2.296923
4.385010 8.868807
8.043703 0.516213
5.988558 9.694196
0.344809 5.202368
6.193140 8.105048
1.536037 6.177704
8.674446 1.419465
6.944146 0.265912
9.186572 8.716762
2.625588 8.258347
8.046061 0.143860
7.848153 3.902332
6.490283 2.193919
3.189234 1.462557
1.200192 1.634197
5.949108 6.663523
3.831657 8.651150
9.882411 3.686565
0.099512 2.492215
6.657213 7.779109
3.491492 1.511103
7.103414 7.078528
8.814815 0.587614
6.026183 2.063814
6.526864 7.007034
7.228038 1.628210
5.326653 5.052035
9.544993 2.702530
1.426089 8.271823
4.525534 0.657147
4.661833 1.419933
4.806517 3.127881
0.293249 8.639293
0.592292 4.656933
9.067510 7.638426
9.017456 6.385594
2.677330 7.881298
0.975939 2.604793
8.758758 8.448422
2.620352 0.261391
3.194405 8.362961
6.292352 5.553402
6.034926 8.994819
5.915418 0.429072
1.420747 8.500628
0.057306 3.149707
7.121124 4.738282
6.303618 4.914285
4.388119 1.110605
5.933337 1.602397
1.484160 4.280646
4.809467 2.720061
6.064708 9.543648
0.085732 0.895157
4.899637 8.201299
9.239128 2.025998
0.947104 7.970416
8.788366 6.068701
6.665721 0.771963
4.380430 1.891065
3.136241 0.804752
5.472500 6.304853
5.665434 8.941113
3.286086 9.239125
1.966361 8.629158
0.257861 3.874361
6.382352 8.196721
2.291987 1.431288
5.652453 0.776374
8.518922 7.519745
4.348916 2.225951
1.563454 6.970612
5.080818 3.306182
7.001899 0.920011
2.631235 3.174284
0.194703 2.365898
3.639582 0.455168
0.003906 5.656429
7.604645 1.276586
5.581223 3.614392
7.078801 3.401223
4.362222 5.857096
0.214124 8.783333
1.469406 6.314032
9.929589 6.606401
3.782914 9.432444
1.084890 3.738217
8.220034 4.112903
5.564445 1.623890
2.711016 4.046172
4.015911 5.424001
1.184190 2.684539
9.051573 9.788686
8.440667 2.282738
5.975880 6.620432
9.593454 7.189022
5.900010 1.462105
3.602744 1.326357
2.082587 2.047958
0.035939 4.021022
1.321221 5.762665
3.113546 9.363480
2.015490 4.335924
3.881754 0.634808
9.221194 0.615848
0.550222 7.573349
5.283213 4.961743
2.017159 2.396511
8.151984 0.400953
8.817692 8.941193
4.627290 0.869879
0.050426 7.502266
0.579337 6.910122
8.418233 5.243251
3.317056 9.752865
6.403472 3.160055
1.050285 2.142326
6.069313 6.948083
6.433403 6.208783
1.020888 8.060426
1.573342 3.159729
5.558522 2.076386
7.814729 2.150512
3.662911 2.547737
9.813690 8.688599
9.285366 9.154647
2.150747 7.608106
9.431362 2.900555
9.633600 1.922074
4.290883 6.871335
6.523232 5.956580
2.242470 9.195842
4.521069 5.612205
4.326531 5.998841
2.527038 1.935490
9.774529 0.516458
0.115716 4.831395
1.255415 9.762936
5.668117 4.042366
0.043952 8.697498
8.841100 2.371210
2.929690 9.295559
0.452191 9.973528
5.084212 0.358301
1.962260 9.705376
8.257422 2.487865
3.544054 4.916055
4.132079 7.843687
8.848233 2.255769
2.714600 4.289102
6.932498 4.499225
8.469162 1.200813
2.061191 2.428874
2.078230 8.815917
9.113882 7.016764
0.758301 4.773148
2.300747 8.655546
3.761928 6.729835
8.332075 7.180549
3.480281 3.085393
6.200526 2.242691
2.901159 9.771488
9.395945 7.644988
9.319722 6.564214
4.738590 1.486084
6.606838 1.120370
0.054962 3.742607
1.996400 3.488125
4.918861 1.303484
7.661895 3.470380
6.676904 8.718621
3.855306 6.125131
5.075322 0.938276
9.610943 1.122720
9.563256 9.650933
3.223372 5.219088
7.210042 9.171987
3.589007 0.447603
2.863207 1.926619
0.692682 1.912967
1.239032 4.409430
9.290811 0.668696
8.769017 0.864745
3.769948 1.518305
8.157702 6.501254
6.579813 6.916638
7.943184 1.088752
8.657716 0.226548
7.592351 4.649246
9.875206 2.592832
7.726333 6.476393
8.731523 0.715232
0.912255 2.275386
2.405727 3.060329
4.941583 3.188590
0.626871 5.817130
8.509565 0.254959
5.095654 2.648593
4.909555 4.893260
1.019720 8.438153
0.030909 9.495921
7.947763 8.058746
3.342767 1.888740
4.044779 0.599023
7.784987 2.279917
8.557318 2.838874
2.955233 8.596722
5.106632 7.164797
8.741132 2.202501
7.432977 6.036174
9.978802 3.717610
1.862889 9.567959
8.689905 1.238097
8.704255 2.411345
7.468647 5.549286
6.849430 8.370744
7.086948 0.330363
2.403662 8.345529
3.297740 5.109355
2.928708 2.803520
8.763504 8.214386
9.180218 1.924936
2.406462 5.408304
7.371448 1.929630
1.286012 3.998285
9.176202 4.427745
7.114045 5.759938
7.279197 1.460999
5.006587 5.703328
5.832573 8.055996
7.130796 7.287980
9.079080 2.097562
3.716601 4.920364
6.564187 4.288417
5.432510 4.188705
9.564782 5.283466
9.210209 5.990075
5.189611 1.789598
7.768110 8.622398
6.640659 9.550195
0.130823 8.742058
7.770010 0.562750
8.138606 5.542712
6.357218 5.770006
6.484518 5.286875
6.511911 5.690500
0.228700 3.768491
7.028892 4.580201
9.443627 9.038513
0.281724 4.942836
4.250602 9.860810
0.636009 9.398592
2.133593 9.299532
7.237965 8.481002
0.208791 9.153560
3.889010 2.594764
0.196765 7.028730
1.872512 1.315063
2.265193 1.095583
3.461709 0.940908
3.834938 3.809914
3.221065 6.432384
9.085783 4.755721
9.400208 9.295712
3.031684 3.513122
5.042355 6.855281
6.716039 6.463598
3.692480 9.509897
2.846454 0.347628
2.581798 2.285757
6.716658 6.877678
3.134895 8.175823
1.057996 1.744418
8.433494 1.733877
1.263512 5.847140
2.889949 1.380214
7.259325 7.472569
1.466646 9.923932
1.528772 4.063569
6.404449 9.581735
0.214257 1.009622
8.708622 5.803983
7.546116 7.574755
8.913057 1.743972
0.942250 6.393822
0.961213 5.113866
8.745643 8.026245
7.093577 1.742877
2.532908 0.577796
1.010240 9.100553
2.994458 7.848980
7.806425 2.578565
7.941171 7.254106
9.753527 7.521847
9.688025 6.639155
4.279240 1.189798
6.936956 9.426536
1.791508 9.873911
0.829186 6.129686
1.640379 9.858169
6.253764 7.017322
0.136170 8.612413
8.822014 1.589622
6.776485 2.385260
9.073008 0.038889
3.605611 9.501025
3.729858 7.716357
8.817484 5.457206
9.265521 5.604650
7.357699 0.838859
8.707951 4.528768
5.000872 9.655229
5.427499 9.968050
3.011283 0.626580
0.929563 3.160869
4.731248 8.088267
9.508830 4.897693
5.530434 0.004036
7.832708 4.317394
2.448529 2.423407
0.200099 3.059743
5.097654 6.274041
7.808667 0.267698
9.206020 5.579987
2.847825 3.396364
2.683258 7.515675
5.941674 1.719529
0.128223 5.041021
4.437821 6.452571
8.358969 9.187105
7.673416 7.101095
8.101174 6.430037
9.625699 9.120170
2.702020 2.849562
2.586686 4.433207
8.910078 1.684714
4.995595 0.963838
9.227901 3.326913
5.429276 9.840675
2.225602 5.692973
1.791104 3.084693
4.428728 3.624789
1.823939 4.935059
3.538808 6.753649
8.571581 2.566278
1.428643 1.207441
3.462044 6.566815
8.458567 3.139720
9.281896 0.833326
5.707283 2.307640
4.513282 4.724084
7.673002 0.146505
2.307252 7.984681
8.531970 6.825333
3.379457 8.533148
6.610630 4.854017
1.455816 7.903636
6.413212 6.847629
8.104765 6.783396
8.540476 9.786490
1.540353 8.711555
5.110423 0.872930
1.328797 3.090180
6.650358 2.574484
9.357758 5.832072
9.642493 1.377786
6.454514 1.014260
6.661999 8.212115
1.017041 3.416259
7.066215 1.875515
1.785362 6.576481
0.917088 3.499950
3.663169 6.887772
2.778727 2.063969
9.129523 9.898481
3.777934 5.729581
7.071454 9.929448
4.232115 9.164125
1.445850 0.394368
8.141404 2.571678
2.187682 8.375288
3.473251 4.927174
1.020924 8.671117
5.466951 3.043019
4.028316 3.903921
3.200038 3.041916
5.476768 8.046284
3.900360 3.355706
9.344879 9.380604
9.812532 9.219488
1.937448 2.686995
0.323070 9.845302
9.990677 3.301922
5.397977 3.804022
4.202154 5.598309
0.773584 1.632631
9.623159 6.428656
6.429123 4.269893
4.087566 9.723554
3.771720 1.300849
3.372080 4.550388
8.378336 4.689559
7.420428 5.141741
7.239933 1.562283
7.285494 7.289947
2.131637 6.430581
8.781455 9.917007
5.144243 9.292894
5.667045 6.026925
4.524803 8.362390
6.688927 0.795083
2.968273 7.763941
8.549079 4.369897
4.853975 0.761148
2.609561 8.884814
7.061920 9.684772
1.966018 2.860341
3.754221 7.191371
5.370112 5.466025
7.475745 4.844676
4.469649 1.395632
6.385324 8.138427
2.541064 7.669332
8.460784 0.399421
3.068311 9.095179
2.668843 5.243840
3.217961 4.262511
0.028422 7.682448
8.899318 0.840174
0.801948 8.335452
3.937535 8.150651
7.994058 6.130238
0.903748 9.299594
8.269168 9.899968
8.766044 0.894943
1.300212 2.657154
8.795397 4.243825
5.966945 6.451032
2.498923 9.396767
1.455713 6.162191
7.939972 7.107388
3.863911 0.745400
7.931927 1.888936
7.352203 8.468293
6.594147 7.825667
5.991848 4.991016
4.010045 6.826071
5.767739 8.382621
6.719079 7.561337
3.388244 6.210083
2.865771 5.019313
9.592600 2.821452
0.143914 8.767673
8.277061 2.559588
8.997918 8.011958
6.977359 8.472151
1.449782 6.483830
3.731867 1.490741
4.880705 0.000926
5.563831 1.307013
6.967930 9.998348
2.239007 0.996299
4.805589 7.530553
6.004503 7.680584
7.571379 2.174149
0.925893 1.481879
5.945915 2.992474
4.511151 8.921027
5.699717 5.147219
9.308246 3.686709
2.511051 3.230876
1.325141 1.644259
5.060356 9.405186
2.961008 5.663736
0.416345 7.509640
4.521320 9.830540
1.878962 9.711451
0.361644 8.148782
6.586368 7.094152
1.409460 8.801177
1.379398 3.547682
5.898498 6.054267
4.065805 3.984170
1.948306 5.177734
2.175076 6.497159
7.749791 0.738901
8.708448 2.879034
7.928553 5.197691
7.599253 0.644334
9.325543 4.409404
8.850578 1.668113
5.969643 1.794824
5.612844 5.064074
1.898040 0.360930
6.156985 0.441242
5.951325 3.917823
6.856997 5.545331
0.375380 9.013371
7.722352 9.569858
0.595978 6.600532
5.145460 9.750162
0.976095 5.222557
5.518136 3.316589
1.916478 0.246960
0.663048 3.846193
2.962850 6.615227
2.114760 2.769697
0.303547 1.718040
5.100277 0.348318
4.177973 9.195693
2.010448 9.605146
3.695224 5.623022
6.124949 2.018107
8.332094 7.503934
8.621687 4.697306
7.623977 6.184940
0.294738 3.655030
0.086046 6.172478
0.830182 2.870056
7.023084 6.974185
5.126445 0.155130
7.266950 5.635157
0.085454 6.222814
6.840116 1.823949
5.110370 9.985263
2.312866 2.334536
6.552396 6.114417
5.006844 0.031701
2.806306 5.579436
3.586256 4.208631
4.457079 0.122559
9.848265 9.797612
8.470287 0.112373
8.657082 9.573372
9.670509 2.240727
9.902133 5.156939
2.671495 9.815248
4.867569 9.240572
6.289230 3.082527
8.034232 1.340854
5.730454 1.745583
8.020705 3.987018
9.815476 8.705308
0.110366 4.915021
6.761217 5.776770
0.167462 4.528461
9.848147 7.806271
9.995472 3.894194
9.717515 2.277485
7.695139 2.208578
9.563573 4.979438
9.411052 1.546651
4.565861 8.417907
9.761427 0.304106
1.117040 4.091569
7.003955 5.467405
0.681791 8.855677
7.366543 9.488299
9.848647 6.211400
5.003048 6.229965
7.026694 7.652104
8.913296 5.774161
6.326254 5.354486
2.846647 3.602771
1.778643 3.651364
8.479528 5.427063
2.639672 4.972599
4.471036 4.705534
5.902774 7.917946
6.920983 0.953896
2.122160 7.143462
0.163737 1.924394
3.296255 0.161394
2.552200 4.830066
8.910974 6.747032
7.361144 8.742722
8.925795 5.841347
5.520916 0.027257
8.105098 2.383790
4.350916 5.842946
2.401755 6.291303
7.924975 5.059400
3.342894 4.012268
4.192836 8.991095
3.325282 8.014444
8.753344 7.454591
9.318861 2.090518
5.330088 2.783482
1.985365 8.029862
7.883726 1.781611
3.532259 6.679991
0.611753 1.736479
4.994211 7.707547
0.744300 9.443851
2.802761 6.011688
8.434652 1.204553
4.918988 3.435857
6.447653 5.696465
0.491847 6.480126
1.475213 3.901265
8.556080 2.037011
6.037371 0.098753
9.747990 4.469134
2.740607 1.376172
9.324718 0.533173
1.036823 5.875808
4.699242 0.155220
8.785892 4.489080
7.966385 1.040418
6.305553 7.422832
5.529485 4.049513
0.159311 7.531781
6.635595 4.443908
8.761218 9.786913
8.640435 9.792959
0.258718 8.272611
7.766577 2.864017
5.526188 8.645627
7.057133 9.227270
2.727192 5.910526
8.216507 4.832930
7.057311 2.227509
7.738276 7.210790
1.744580 1.153392
5.061390 6.781134
0.527488 5.487967
6.266239 6.674798
3.327622 7.346567
3.746059 0.005762
6.835354 1.791184
