4.427306 9.736284
7.717811 3.254070
1.154637 5.987223
7.257560 7.813760
5.864699 7.994942
0.988834 9.340672
8.671941 9.304128
4.483212 9.350063
6.510164 6.331128
7.262527 1.299128
4.443002 3.531808
9.089587 8.687923
7.914748 3.163765
3.402343 3.177439
3.222815 5.857107
0.392487 6.529524
1.714699 8.950538
1.694930 6.686257
5.929717 0.759341
2.249979 5.389316
8.232380 1.612023
3.264683 9.522288
1.101679 5.913578
9.510375 0.865665
9.226871 6.019132
3.556931 1.338800
1.218357 6.930453
0.119315 5.327273
5.473315 0.002173
6.525352 1.595753
9.814471 1.819681
3.386313 3.764226
5.342088 4.479036
9.154183 4.357640
8.855562 5.431786
2.031693 6.656947
3.312287 9.614287
7.329513 7.127120
5.505447 0.048810
0.343356 0.777678
0.433147 9.903435
7.031328 5.527844
6.466570 3.640290
2.358449 8.456649
0.903062 7.763290
7.623311 4.986893
4.712084 6.003980
8.890788 7.481516
1.836792 0.962730
0.597542 2.883750
7.184004 1.547637
1.127632 2.108286
3.963990 2.780776
6.506490 4.573717
0.468557 5.038006
3.771002 9.227422
5.287823 2.444051
7.165823 5.983093
7.842048 1.294091
9.795809 8.168855
3.942641 3.975086
9.271103 9.429748
5.769429 6.791090
7.843993 3.984053
9.983105 6.039131
9.678673 9.449033
9.896477 0.087214
5.805316 9.948629
6.601048 3.811521
0.227595 5.193308
3.927135 3.352450
4.634019 3.949566
0.359301 8.780267
9.942939 0.978233
1.169854 1.732857
4.121963 7.837416
3.445118 2.101771
4.472928 6.493898
2.936875 0.055106
6.161816 1.642093
8.649269 8.261140
4.984241 0.135981
5.431698 0.549535
6.030629 6.776370
0.452304 1.870092
0.636413 6.196028
6.648729 5.190018
8.637045 2.809712
2.830893 8.814081
8.261552 1.902125
9.017676 0.088093
0.574145 9.647122
9.180349 4.129468
3.970626 4.315460
9.940608 1.805064
7.709617 5.525780
1.789650 8.639341
1.408974 0.625125
6.482881 7.779692
3.278680 4.776687
1.783032 7.414503
5.555888 7.808485
7.200544 9.546847
3.854219 7.861124
1.916022 2.578136
0.730580 8.859134
5.458082 3.982304
0.576853 5.161607
1.133429 9.548853
7.572331 8.167648
3.657475 1.181998
5.836506 4.152815
6.366780 6.476046
2.903226 4.524402
1.628817 5.522142
0.644027 4.154270
0.815888 2.633938
8.593444 0.017523
4.512458 0.882680
5.202404 6.797884
2.029937 7.159283
6.073398 5.598881
0.395792 2.081641
6.142585 8.419851
2.436832 5.831116
3.561417 6.738355
1.530840 8.828693
3.836271 6.203191
7.032767 9.716568
6.362250 0.341439
8.561681 6.174302
1.491471 7.147286
4.437794 6.009520
2.004782 4.369816
3.489448 7.147785
2.821636 3.234313
9.094077 4.150636
9.737181 2.796955
8.425863 3.484964
1.782901 5.221555
8.667650 7.197206
3.433579 8.166924
1.490210 5.959661
4.022355 3.725221
9.781137 1.577021
4.990628 7.492323
3.471483 5.211468
9.139257 3.491435
0.540555 5.102306
4.462522 1.611955
2.122502 2.897487
8.060958 0.513325
7.459747 5.962012
3.535581 2.502353
7.039463 2.257567
2.925168 3.305113
9.036703 9.873462
3.282296 5.555958
8.984240 8.122457
4.134400 6.863538
5.483201 6.154584
0.090830 6.576995
9.558182 4.371839
7.499405 2.498428
1.085554 4.901594
1.090286 4.432376
4.939618 0.155989
1.715211 7.545848
3.070758 0.231358
8.437102 2.377829
4.176363 2.139073
1.407681 8.889733
9.737650 0.678892
0.132302 3.604946
8.330761 5.106352
2.464201 5.830195
8.089937 7.577242
0.705712 0.901901
8.250665 8.925290
7.353650 2.789674
6.055336 2.037027
6.314816 3.113343
5.956662 3.616311
9.339173 3.479327
7.056363 6.287386
2.094409 0.738969
9.847889 3.465610
6.507412 0.070398
3.181348 8.912272
8.551218 0.323533
7.614304 3.606833
0.037105 3.624434
5.857584 8.417646
5.377486 9.412078
8.795812 1.220172
7.435918 5.479184
8.640018 2.784523
9.484814 1.262638
1.159941 5.130586
9.764423 0.662253
0.491824 6.088807
4.585806 3.635155
6.049484 3.675140
8.078055 7.867943
6.512147 9.648842
8.095810 6.272298
8.506114 2.265867
2.431296 2.794055
9.689575 2.686016
3.876582 3.706542
5.854510 6.741695
7.669935 8.590689
3.704748 5.704987
3.720431 9.287243
0.687480 4.476065
9.231496 3.745388
8.738451 7.143276
7.033033 4.178381
6.055271 0.935622
5.001891 6.776351
0.123596 7.282990
5.212881 2.890488
0.424758 8.904192
2.763164 0.491604
2.381848 1.712452
1.174297 6.414498
8.473140 8.059451
5.185473 2.239002
0.906218 0.805647
0.513295 6.941484
5.529681 7.351145
0.690617 7.193002
2.780248 7.630683
8.883562 6.028709
4.509893 7.774725
9.803800 2.459020
8.757298 3.904928
0.116735 1.970987
6.380693 0.306437
0.284027 3.636954
6.282827 5.466115
8.993747 7.914064
1.677942 1.175220
1.918692 7.462207
7.314825 0.269816
4.791660 3.433518
7.131260 5.094705
6.707375 0.850398
2.636694 4.912011
6.162957 0.822645
6.198939 5.560563
6.381554 4.770741
1.847184 5.613169
0.524141 9.235938
8.413960 3.421521
5.504422 2.827667
4.594325 6.826720
6.682863 8.874233
9.237732 8.554325
2.543573 9.828887
4.110221 0.485341
7.117964 1.615705
5.151306 8.005141
2.406670 8.899256
9.801849 9.683595
2.177356 4.824533
5.921264 8.678808
4.721004 5.921761
7.045431 2.562663
0.679348 7.795961
6.722474 4.618308
9.902033 3.470748
2.855039 4.648581
8.696647 4.539271
1.532535 7.319964
6.630983 6.930216
6.146024 6.222988
9.763343 2.503198
1.254263 0.396038
6.203712 5.780222
8.186998 8.874815
9.007388 7.175264
4.667269 2.788567
7.452683 7.237634
2.912384 8.441772
0.854712 5.147144
8.050000 6.356509
3.843402 6.049166
8.336382 9.575873
1.697407 8.324655
2.477842 5.086856
4.787347 0.939503
0.222626 1.672330
6.851896 9.811369
9.675166 0.511385
4.852197 0.867626
2.189347 6.352211
1.604526 7.272425
7.647511 1.714694
8.870318 3.432601
1.731705 4.765865
9.895158 7.918319
3.182000 9.869032
8.823863 2.662499
8.625994 7.083865
8.518781 5.146242
2.883906 9.799889
6.737946 4.650522
1.328380 6.085423
7.699215 0.699013
8.316683 8.499244
6.791546 5.505382
8.955622 7.145108
7.826274 6.182720
2.975713 2.812182
4.335851 2.642918
9.518323 4.454744
0.886465 8.824212
8.523746 8.590912
7.465710 6.189079
9.858012 3.608138
1.983418 5.313055
6.521817 2.185079
4.626276 3.814420
8.956370 9.715979
6.452345 4.563336
5.990611 4.204258
0.960115 6.646374
5.603851 3.927727
3.309783 7.531117
5.488889 1.749145
7.881081 7.336521
4.902551 7.171831
6.964074 5.199611
9.860564 6.506973
2.692323 9.877709
4.662932 9.898851
9.993480 0.410169
3.706235 0.691219
7.316723 2.170723
3.339155 1.175210
1.760991 6.975776
1.867583 8.469657
9.531826 1.405913
9.182244 5.970660
8.884797 6.788545
5.069832 8.672113
2.211233 4.194618
8.946992 2.101667
2.721464 9.652289
6.021821 8.742083
8.181756 0.765784
0.534606 5.126152
5.241579 5.212798
1.501777 0.359630
4.295822 9.883755
6.272997 0.263826
4.115751 3.418936
2.060247 6.565684
9.450821 9.944413
5.747988 6.430926
4.573125 0.510989
8.194774 9.563520
4.078075 0.203991
8.481694 1.830167
9.615174 2.231938
2.175657 6.267598
9.524509 8.423129
7.533141 9.498220
6.576765 5.696574
2.311791 4.277381
9.936836 8.402942
8.249468 8.806199
5.792426 3.300014
3.334203 7.955156
2.313706 6.459333
2.006303 9.931755
3.005436 2.358766
3.777015 0.291442
8.261319 7.982992
0.154886 3.166950
6.934083 1.125316
3.178204 6.067453
5.675007 9.847274
3.126037 9.304740
4.767140 1.319061
9.459582 7.190976
8.740159 5.859555
1.539154 8.558420
1.359820 4.500118
3.479590 1.470826
0.176788 1.276394
2.345880 7.208151
7.394658 2.023188
3.713948 0.319060
2.440227 2.898026
7.128198 3.617779
4.005776 5.072352
1.018484 7.667673
0.579578 0.975295
1.776150 1.759705
5.368579 9.711322
8.184035 9.074609
6.961521 2.281445
4.253323 5.597173
1.685383 6.228861
8.466538 7.102900
8.447764 1.572806
4.150404 5.833701
7.009741 2.715365
7.145165 8.795570
7.137782 4.694867
6.631020 7.558204
0.738144 5.994041
1.849928 1.746328
0.539374 5.256043
8.308593 2.523826
7.944968 1.081512
6.977083 3.834636
8.733418 2.550163
0.596196 0.264212
0.614846 3.713588
4.275851 4.221735
4.692440 5.842332
2.067738 2.480461
9.101496 8.838707
2.154942 8.113049
6.011140 9.230294
3.558051 0.167714
8.775206 4.882749
4.366200 2.730056
4.052559 1.351201
9.627136 3.267807
2.024313 2.622769
0.876725 5.122863
9.962759 4.084475
7.770315 5.680335
9.382894 8.306842
3.091982 6.938877
1.706866 7.290972
9.361624 0.817312
6.566427 1.941941
8.200423 4.510371
5.800980 7.067052
5.941144 2.813591
8.017583 1.520682
8.106700 9.302430
5.942479 5.236530
0.357503 8.549037
3.667167 4.075978
4.959268 0.414215
1.714566 6.716579
5.548682 6.703090
8.836061 7.679094
2.539833 6.974064
3.087597 3.245941
4.524465 2.689290
8.892436 5.165184
1.247146 0.776558
1.603685 3.138941
6.186659 9.175449
1.770080 9.733904
7.716299 7.834336
1.680260 0.124946
9.975078 1.137335
5.185873 8.963262
5.543035 1.786371
3.533641 9.896524
0.883391 7.144504
7.678056 5.078968
2.222583 4.945620
1.042115 4.834782
8.175816 0.942323
7.615909 0.586832
2.884927 6.963743
9.630367 7.570522
7.759699 7.258447
2.711567 3.305941
2.949953 9.860956
3.087775 6.241483
0.612877 0.626360
7.230429 1.825303
7.875713 7.103414
7.074067 3.838275
9.892580 4.595608
8.386489 1.720128
0.191603 0.275149
4.429259 2.551702
6.455850 3.477661
9.052283 1.719986
7.798691 2.596424
8.101998 0.273866
2.873012 6.706441
5.160875 8.832803
2.922606 0.243490
2.341805 8.718107
5.218438 6.283648
9.265961 2.998691
8.998425 6.523056
3.006587 1.703985
8.881747 5.526843
9.657407 2.040428
3.471652 8.049309
4.741238 5.981262
7.078390 6.502592
9.063485 9.989794
8.468839 5.774243
7.705026 8.366623
7.836258 3.996512
9.382858 7.691220
6.329567 1.024233
4.287489 9.820077
6.032028 0.287801
7.067798 8.486658
5.257228 8.236955
8.509153 3.332927
6.498930 7.521378
1.800375 8.910131
2.567372 9.827342
8.132075 5.789779
8.815948 9.646310
5.532492 4.588370
6.741623 6.455908
4.448992 4.207169
9.896523 0.866564
4.338259 3.126613
8.981185 6.773022
4.183370 9.896191
5.275640 7.688544
1.352596 3.086443
3.841632 6.309433
2.633705 4.687851
8.715106 4.788523
0.707346 8.367918
9.595130 5.355108
3.299624 6.787993
5.803020 1.354063
7.729488 9.505914
5.899535 3.477095
9.543636 9.884281
5.112490 5.618644
2.546904 5.810437
6.016542 0.018682
3.992604 3.698880
7.073560 5.322246
0.994546 5.332421
2.004940 7.033755
6.321776 0.087354
8.153540 6.546583
8.421919 7.197103
1.709508 1.707574
9.193784 9.922100
0.727626 9.206064
6.322632 4.468542
2.785387 3.994276
1.798833 2.978865
5.783162 7.601206
3.476971 7.446717
6.964704 5.778514
9.488798 8.220984
0.075644 1.352519
1.795092 0.106588
1.431270 5.361938
8.093678 0.449362
2.426848 8.029063
4.460955 5.267300
7.512322 9.598233
7.505885 1.404783
0.184280 7.197588
9.857541 5.698810
9.894721 0.574445
4.698496 7.614950
4.472572 0.525274
8.273503 2.768240
5.811707 7.363825
3.804999 0.625477
2.385216 8.317998
0.588467 0.360179
3.522799 7.674464
4.723652 0.423358
5.377970 7.541250
5.780979 0.912283
2.741446 5.481011
9.357265 7.556939
9.477578 9.646417
7.324026 4.903454
2.355927 6.057607
0.197308 6.154512
8.879621 9.788902
2.078520 3.677423
6.441743 6.374752
0.460748 3.798011
3.178518 1.359800
4.158105 5.278248
1.518246 7.166023
9.348119 3.829438
1.358422 1.006531
6.770253 7.634395
1.278274 3.944768
9.712401 6.326968
7.344327 6.107327
5.844268 4.607747
2.403735 9.573799
6.838211 9.808620
3.480413 5.293760
2.218206 1.396454
0.208883 0.702868
3.109551 2.224346
4.576881 3.631049
7.033038 4.267289
0.324544 4.612082
5.267389 9.012168
7.499953 1.709830
7.116065 9.697658
8.536056 5.487793
3.333150 0.257935
5.121023 9.036626
8.568494 0.671501
5.924535 3.661243
4.513291 4.879672
2.644230 1.580310
0.271875 9.397361
1.440595 2.072304
9.210028 2.945696
8.305401 8.875317
7.453293 7.494717
3.706769 9.664934
8.544608 9.233152
1.580418 2.089627
0.364035 8.332728
8.151944 9.728590
8.406312 4.887963
1.994457 0.836513
9.266728 5.899287
9.311510 8.555896
8.951543 8.579774
0.256531 1.519981
6.313457 0.270989
4.506676 3.698740
4.718136 7.709527
4.016778 9.988718
0.377169 9.077038
7.774080 8.962165
7.107239 1.372621
9.636678 3.645765
4.378942 6.885190
9.380101 1.351913
1.608994 2.359942
3.548380 7.628738
6.206514 2.878764
3.388398 8.811412
3.395794 3.116304
5.723448 3.995823
7.798266 5.457210
9.331653 7.098960
2.222671 6.432474
0.591107 4.733892
2.527879 6.062086
5.482128 8.123020
3.603837 9.694924
2.586737 5.295203
6.482064 4.054901
0.721125 9.947367
5.392683 4.820943
5.589192 7.546814
9.301161 4.611787
0.310324 5.607913
2.200981 1.889273
3.003232 5.328221
1.417038 6.153423
0.575622 4.471504
2.575183 1.094885
1.737573 3.388136
4.394131 2.152789
1.916404 9.002489
4.839355 5.043911
3.005373 1.296806
5.414542 2.205273
4.024918 6.796548
9.582893 9.682976
1.780651 7.396008
4.699153 8.670558
6.067481 6.159460
2.036360 5.095481
9.747906 3.059136
4.892695 1.521325
8.916951 7.187681
3.349814 0.317750
0.431851 8.114745
4.513759 2.754799
9.912794 4.323662
7.794120 5.774662
4.742653 9.776477
3.254083 1.368141
4.338084 0.170750
9.789359 9.754936
1.201545 4.365965
8.770148 9.877892
7.726329 6.419886
9.028693 5.244806
9.458303 5.695931
1.520402 3.398199
3.538327 8.668540
2.144162 6.932131
8.323358 0.685160
5.485016 6.655588
0.474159 9.194707
5.438816 0.177154
7.429955 5.247186
9.448780 5.647384
5.591275 2.563790
9.619005 6.612512
6.490079 8.764560
5.961226 0.322478
9.885386 3.686108
2.412843 2.653590
8.890019 4.552041
6.149268 0.746251
2.233599 0.096855
7.849822 1.959866
9.460777 7.273988
3.912180 2.008680
9.883179 6.583326
5.959081 4.278447
7.863604 3.598951
7.576275 4.452378
1.115753 2.453850
1.850320 8.321026
1.489059 6.619059
6.524918 4.296959
8.988627 1.852256
0.859783 0.366288
6.194511 1.140400
6.707879 9.322521
3.607737 5.229340
9.517266 6.684816
1.707731 1.828061
4.226211 9.923023
6.253968 0.447072
3.941068 7.532758
3.069327 6.176073
1.260710 8.747424
7.957881 8.102819
4.073399 1.616444
7.566589 1.659984
9.353481 3.949532
9.781246 3.399234
0.933842 5.079490
0.981699 9.407354
9.406610 6.889428
0.612583 5.684477
9.009484 2.400657
7.836411 6.559022
7.485452 7.985813
7.555761 9.673107
5.904276 3.168318
9.917625 5.517000
4.215787 4.736870
2.565771 2.910579
8.109582 7.741473
0.936232 5.252713
2.340505 6.862501
8.052781 3.085099
1.253556 8.522183
2.333052 1.609600
2.552849 5.732902
2.888259 2.965328
8.273425 1.453488
8.778677 3.225749
5.169338 1.057264
9.431504 5.292920
8.104680 5.356962
4.463209 3.160467
7.967309 6.554865
7.609122 6.521178
1.445501 4.527252
9.523144 5.485841
0.529784 4.088090
8.529628 7.460183
3.297277 7.327518
3.590580 6.875608
8.350831 2.422554
5.871660 4.992588
0.429833 4.199017
2.878085 1.978961
0.393101 6.844992
3.780983 6.989404
0.914810 5.215856
2.895665 7.445297
3.101400 5.224065
0.856946 2.690237
4.819723 5.087078
8.526238 0.487032
5.553198 2.599854
5.744225 3.183453
4.299670 4.552575
5.124157 1.704804
2.636826 7.135639
8.679324 3.406787
7.874421 5.388056
7.065573 1.087100
0.890540 7.307995
5.469736 9.846195
4.993592 7.295659
8.132465 2.347416
3.013256 3.789724
3.891529 4.928926
0.454255 4.669388
8.406609 9.872656
9.727103 3.422272
8.122251 0.680467
6.606875 1.742410
4.678363 9.253615
5.508885 7.828155
7.794991 0.409581
3.829592 3.948716
6.068273 9.463739
7.068558 1.250840
2.866667 0.069030
0.182310 4.075767
1.415096 3.526855
5.844410 7.004338
1.905220 1.035561
4.681608 3.792061
3.162450 1.296137
4.171806 5.541850
1.867478 6.709037
8.791006 0.432632
1.248566 4.652932
1.826241 3.631681
7.663126 4.152656
3.697362 1.567266
1.039932 8.137406
5.379480 2.922869
4.666328 6.976641
6.397786 7.580990
3.704854 7.481338
8.852206 9.027221
0.507923 6.655941
6.398016 1.461930
0.663238 7.048508
4.279624 7.644909
7.989239 5.140229
1.833817 0.963657
6.176478 8.058694
2.470205 6.740739
1.607407 5.695815
9.565688 0.520233
3.553056 6.211590
8.198946 9.685754
8.460013 7.433475
4.414694 7.757898
6.995285 9.761619
3.533971 5.446829
4.851986 7.326898
3.178613 2.948396
3.698343 8.046547
8.322024 8.259873
3.683759 2.945637
7.318652 4.590988
0.734271 0.886084
2.413476 3.290722
7.159396 7.969649
5.889570 6.009307
8.422105 0.316537
0.041106 0.876894
7.963366 0.287587
3.480112 0.249195
8.221481 8.429980
2.679851 0.252322
0.776411 9.146518
5.534976 6.339703
1.380030 4.168222
5.307764 7.588592
1.467828 9.780683
3.943337 5.662829
5.173160 5.305807
4.703441 0.728096
7.113671 9.473016
2.973981 3.705680
1.355613 3.781515
5.918196 7.115791
5.103736 8.485171
0.275771 4.878714
6.544919 0.457832
4.787800 8.556986
7.267203 9.888476
5.611798 7.491214
4.840811 9.506793
0.669772 6.852391
8.131895 2.759252
4.753624 4.153450
7.028408 6.458700
1.365493 9.839618
4.453326 7.052901
8.113357 1.192118
5.930667 6.725291
1.968546 5.358700
3.674507 7.431688
4.383976 1.480258
8.701384 4.167413
1.711952 2.773786
9.014217 1.944508
1.353849 4.143524
0.206765 5.096958
4.573149 0.923126
4.974697 9.739787
6.594022 5.726713
8.872446 9.199657
8.631164 3.980669
3.103557 1.486999
1.990662 7.058256
8.100481 4.787921
0.588946 8.423139
7.698277 4.945549
9.849064 3.214357
3.700501 4.316212
2.578238 2.448468
1.403631 0.826304
7.686261 2.985465
6.703006 7.426689
0.354206 3.133412
3.258307 2.363484
3.075667 2.729977
2.731076 1.195673
5.668483 0.193031
4.276276 1.364157
7.393278 8.815420
0.764633 1.188995
3.444531 2.225911
0.884203 0.805979
6.094905 7.061232
8.133364 7.452230
9.628994 4.505507
4.059640 0.369459
9.494277 0.308236
0.521517 5.142956
7.669340 8.596806
6.526179 5.488810
0.434472 2.163429
0.754498 0.853390
2.931291 6.199955
2.644979 4.165425
8.296720 2.979663
9.198733 3.100752
4.340011 2.570353
9.924714 4.667759
1.017682 4.175404
6.009709 5.180096
1.881221 7.680769
0.679309 7.145199
9.355390 6.035767
3.143564 3.874957
6.398696 2.888743
1.095439 1.043126
1.818238 9.122220
7.159645 2.161687
1.475033 0.888034
5.192267 6.431912
1.150079 9.384677
8.271662 1.821446
3.035965 5.466961
3.212852 8.398319
0.539413 5.907901
4.090968 6.891112
8.914456 5.264716
4.087712 2.180721
1.375686 1.147806
1.167499 2.152246
2.804475 4.817266
3.786936 7.041317
3.421543 5.874531
3.249668 7.170012
6.391459 1.245520
3.454155 3.977632
2.066786 6.470605
1.455936 9.923466
3.685576 3.469181
6.530812 3.352028
7.527284 1.061043
2.946482 1.527974
0.653007 5.089088
2.306100 8.626704
9.020643 9.953257
4.383654 6.065115
6.390390 3.288933
7.099173 5.794548
8.963605 1.304104
8.067601 2.167362
6.845134 6.174522
5.191152 7.690497
4.185702 9.099883
1.733251 0.756377
2.420425 0.076743
9.818603 1.260082
8.196148 2.658040
3.675595 5.725044
0.809982 3.360357
7.519742 4.308140
6.914075 4.859725
