7.017184 7.805556
7.974482 7.113118
0.166836 4.020856
8.529164 9.656745
0.914853 5.928917
7.303543 0.646202
0.714919 5.647065
0.228412 8.925221
6.184077 5.782614
8.395987 1.361312
9.578857 1.852538
5.609215 4.073022
5.284285 2.972958
6.505903 4.704744
2.633086 4.282772
0.541148 5.068718
9.943455 9.653451
5.546499 0.008297
9.447195 9.009398
0.944795 9.177061
8.856987 9.387911
2.624309 6.767920
8.433598 3.489644
0.450904 8.345122
6.460545 2.382255
8.563186 1.461771
7.977229 3.279618
0.533047 8.919633
2.273359 8.347481
6.121532 4.592827
1.649994 1.456807
4.557211 3.041846
4.300622 0.547482
1.532541 7.413880
5.084441 4.194083
9.947607 9.429837
7.273579 7.038593
7.630865 1.952908
2.518463 7.805152
1.183463 0.458968
3.872715 8.714885
1.069589 6.581176
9.830917 8.225443
5.019234 8.273465
2.127260 2.866858
3.287937 0.359195
6.988733 9.627855
5.363930 1.568155
5.984541 2.174621
8.854318 4.522780
4.361511 3.922118
9.033339 3.335145
3.777727 2.259995
3.739214 4.978012
5.455631 2.792435
2.459367 4.575108
3.835122 6.889042
4.133054 4.234296
5.807186 1.369936
4.512885 8.059069
8.777242 9.098070
1.268405 8.077628
0.699301 3.159719
5.397925 2.920973
2.793518 0.649805
1.279199 9.505233
4.458165 8.384609
0.123119 9.256422
2.688117 9.184151
8.022460 3.480847
2.600849 2.474106
2.305522 8.904554
8.834078 4.353866
5.430274 6.619785
8.720358 3.055333
0.981937 3.420325
5.407480 3.518383
3.467727 2.085460
0.332274 4.527621
5.719985 5.791115
1.267845 8.676046
8.300539 7.154326
2.753949 5.621687
3.691757 7.363685
1.460767 1.111794
5.923058 8.843983
0.817845 5.515098
2.248904 7.325821
5.071212 1.860237
5.000699 6.755324
6.730858 5.528017
9.377901 4.382102
9.982253 1.719223
4.987707 8.391013
7.750097 5.872921
6.182092 2.414341
7.828594 5.177761
2.635892 1.442125
7.791162 6.058669
8.043386 5.195925
7.915556 6.752221
4.571629 5.362047
9.927866 7.645391
6.090157 7.273981
3.790715 0.542208
2.888578 8.333278
7.411557 6.031875
7.731161 7.618546
4.896056 8.018633
9.163510 1.111755
5.268148 1.761871
1.764483 5.672058
0.286477 4.821109
8.377727 4.460729
1.477459 1.653792
5.277014 0.766002
4.197738 1.387893
6.312632 6.407045
3.207247 4.206791
3.528441 2.514485
0.955749 3.273771
2.263120 6.251883
5.390495 8.042016
2.169103 6.119903
7.217205 9.566982
2.268461 6.020260
2.505119 3.531540
4.595764 1.005349
6.894796 0.844516
3.782293 9.002242
0.674631 8.525328
5.189220 5.215604
8.656825 5.263860
9.702846 5.726114
8.793491 2.205330
4.985135 5.167775
4.799873 1.467662
6.993009 1.498578
6.603117 8.582671
8.943513 3.630863
3.906247 2.290170
0.886221 4.711376
4.100698 0.438046
2.234883 1.678147
4.616005 1.191872
1.786057 8.258824
6.058072 8.008338
6.128590 3.215384
0.966567 5.092146
3.703745 8.850510
0.516775 5.445630
4.695876 3.591936
9.675779 0.812139
9.627439 8.368486
9.146979 3.279403
6.927204 5.514502
2.233264 4.472200
4.272239 3.526910
6.783966 8.115804
2.324150 1.983899
3.388460 9.842379
0.868626 9.005397
3.705327 5.424007
1.291881 2.644504
6.180806 0.814501
9.317853 5.161142
3.309799 7.798936
6.711999 8.563271
2.888596 8.631385
7.685907 7.038598
7.714686 0.722619
5.051464 9.948065
7.120575 5.511853
7.720554 9.356003
6.334095 7.142092
7.138167 1.174788
4.658091 8.540769
4.701372 5.955929
1.297841 2.806769
3.370352 5.508219
6.638716 6.903905
3.924386 7.149479
1.301715 7.929988
9.305491 7.394204
4.386451 3.086411
3.313822 5.401000
4.610777 3.322954
8.892615 8.180997
8.018429 5.731412
7.845521 9.666206
9.919519 7.347861
5.500078 9.810929
2.276821 6.524876
3.585072 4.311417
1.992149 2.043783
9.858373 9.666922
1.962109 7.173233
0.521446 3.941922
1.880372 3.404062
2.076934 7.028557
8.957738 2.696625
2.175048 6.026951
4.959479 3.971143
3.008522 4.223411
2.860639 8.757149
1.407064 8.516272
2.976355 3.604588
2.314944 7.270118
8.877243 9.819791
1.225228 2.409079
9.391013 4.748633
0.275355 7.883896
4.646766 8.201121
6.232394 7.838549
2.494423 3.762734
0.271097 6.328498
3.065064 4.525036
2.287236 1.574303
9.308111 1.422931
5.205830 4.391431
6.774482 8.720837
1.115711 1.749946
1.341654 9.178348
0.496194 9.533726
3.335700 3.104177
1.895992 5.933515
4.580722 8.189438
9.886007 4.117171
7.292258 0.983065
2.372348 2.053736
7.142398 2.281187
9.916888 3.139519
5.888461 7.363765
2.795633 6.196940
1.966812 6.210484
9.597858 1.193918
6.178645 4.491930
5.866192 3.080569
5.115036 8.411744
6.180291 2.147188
7.794374 0.047077
1.221201 4.721864
0.361100 9.003044
4.157900 1.826741
2.038297 7.662882
0.053439 8.150066
8.167660 3.860334
0.641466 1.126457
2.364235 5.693574
1.898156 2.299679
0.697863 8.991656
2.762005 1.017875
7.426634 9.437659
8.743043 4.319025
9.846534 0.704493
0.419667 3.336071
9.348680 3.266395
8.307988 2.347981
2.512825 3.041594
0.075556 9.872553
7.999354 5.140161
0.691324 9.077343
2.911544 4.312436
9.108888 3.078719
4.034332 5.024447
5.876364 4.051283
9.919784 1.809596
3.877721 2.849059
4.130529 1.799252
0.027606 3.976675
5.978588 2.131786
8.931419 0.366278
6.041662 2.207398
9.735937 1.885444
8.663590 8.956431
0.735911 8.456896
5.048925 7.275804
4.430637 5.721277
7.500759 5.253754
9.835336 2.487982
5.521856 5.830496
3.153050 3.318525
4.456800 5.431746
1.359564 0.191702
1.927217 0.740958
3.279164 2.912198
5.313807 9.146925
2.368022 9.351775
5.274732 2.425402
3.727404 6.474991
5.181352 2.987687
4.049345 7.336417
3.166975 7.351932
3.927824 4.946356
3.397996 0.117813
0.078232 4.838097
3.891974 2.402247
4.572775 4.635499
8.831081 3.979988
1.664536 5.855849
9.251742 4.025436
5.506280 4.041184
0.177887 9.752964
8.071506 7.808842
3.212605 4.244943
4.750623 3.719465
3.052457 2.645889
9.463864 9.157337
7.371117 6.371107
9.202739 0.430302
2.093006 7.152718
5.731140 3.262164
7.191335 4.774681
8.071103 1.022832
0.742639 1.538227
2.980736 7.230922
0.110768 1.670508
6.233809 1.622729
3.201834 3.224778
8.849010 5.307649
5.653131 2.172820
8.584504 9.765712
2.325017 6.566381
1.172217 1.458959
0.726933 7.560505
9.409252 1.305169
5.975586 1.672679
2.719168 1.060384
1.873109 1.342286
9.794740 0.190432
0.597231 7.653152
6.534054 7.842654
1.484963 7.780506
6.970991 1.452422
0.850265 0.406805
7.165413 9.094557
2.227058 0.157655
9.709194 2.429502
2.635611 6.715233
2.913257 3.112222
7.123209 9.767545
3.135790 3.215366
0.648582 0.711814
3.459505 3.895650
4.183919 9.133889
3.273119 1.318490
9.862810 4.239777
7.938031 4.481289
7.024967 8.614552
4.780972 3.795647
3.433789 1.694895
6.094349 7.726800
4.328824 4.540501
2.203150 8.349118
3.627698 0.726146
4.335115 0.277959
1.651458 6.050155
4.956538 4.538152
2.715674 2.331309
2.310883 9.004534
9.204786 4.840891
0.863025 4.853079
5.698674 7.613256
5.993823 8.191022
6.514993 7.495194
1.732867 4.297431
6.914626 4.116442
5.037729 9.114390
5.558855 7.677170
0.202058 5.987235
7.456820 6.765846
3.576202 5.227301
5.242699 4.041556
6.427869 3.199820
9.369705 6.631194
0.473057 0.671961
3.640239 1.505062
5.576230 9.698730
6.552906 4.683744
9.677216 4.967132
2.595253 8.410696
8.568142 4.770262
3.801519 2.136202
3.140818 7.727318
3.038555 8.998792
2.698062 6.321432
4.303197 3.835835
8.877162 8.455420
0.242621 7.733261
2.913514 7.436135
9.120402 6.595952
8.160675 6.458691
1.219844 1.921380
2.638280 1.573946
3.315069 6.361661
0.430360 3.052910
0.262434 0.723907
6.700844 1.093004
0.118885 8.093281
3.780356 6.446815
1.621914 9.510540
3.648956 8.010468
1.939865 3.303347
9.351441 9.673791
7.407317 4.778575
3.508080 0.307898
4.845991 6.569751
7.801791 4.694138
4.380952 0.666069
4.619685 3.048051
8.586914 0.259112
4.894736 5.835259
3.195285 3.162313
8.988219 4.993460
5.088388 0.530075
8.978397 9.916549
7.445757 0.832209
6.935815 0.238157
2.704050 6.969167
0.781741 8.727689
6.265708 7.749919
2.895535 5.261348
7.481618 3.558906
4.537633 3.992638
4.258778 7.286924
1.326996 2.824984
9.500586 6.345130
2.605599 2.303621
6.952227 6.083316
2.285207 7.469177
4.457964 4.998296
6.352945 3.945615
3.949036 1.455867
8.761719 8.216304
1.415155 4.505229
9.383306 5.225665
7.758212 2.267910
6.769491 4.839534
8.040706 0.139830
0.130727 7.136557
4.108151 5.686955
0.650543 3.671629
9.069735 5.037435
4.176499 4.422182
3.611238 4.074323
7.154134 9.537390
4.906138 7.460388
6.745966 9.453863
1.075805 1.056240
2.233997 6.788010
6.081795 6.730076
2.391065 6.623613
3.068531 2.803312
5.272865 1.045496
1.650466 9.379597
2.890904 7.421610
5.002170 1.477259
8.296044 1.619766
3.414621 9.531639
8.260026 6.252922
2.855351 9.877769
5.669794 2.235296
8.618180 5.749641
4.211328 9.790540
9.606599 8.116548
4.821766 9.416273
9.303260 9.892043
5.559360 6.171677
7.371175 7.335786
2.550505 6.342316
5.308267 6.042401
4.640446 1.981559
4.056337 4.849665
8.317456 1.488904
4.004660 6.326789
4.339080 6.912058
0.956598 7.543590
5.112241 1.435841
2.176031 2.545990
0.453535 2.568647
1.255471 0.703744
7.825630 5.358147
4.376310 2.647107
9.924889 7.604525
9.257304 7.516504
9.885212 0.758263
4.126299 0.702557
7.875667 6.328525
3.517663 1.355325
8.943018 5.311432
9.237451 3.832677
5.795986 3.138007
0.485632 2.011010
9.040852 9.598743
6.067620 8.483500
2.182549 2.095907
5.904581 8.290285
4.823075 1.420110
7.794625 4.255394
0.405263 1.259661
1.123536 3.274273
0.701981 8.187326
4.385205 2.133264
3.770515 1.052154
3.545085 2.236593
0.411018 7.982237
7.455193 9.428886
1.289863 8.729246
2.437400 5.374982
7.317168 9.648506
2.434214 1.836355
3.616039 4.760434
8.611752 7.718666
7.614205 1.949834
0.856599 6.865619
0.451653 0.938141
7.338557 9.125933
9.557957 0.585129
4.255990 0.419338
7.805724 0.801444
9.877573 2.365267
3.035008 9.382989
9.904439 3.900676
8.653297 5.958295
1.067145 5.500329
4.034820 3.221082
6.717264 7.061271
8.789449 4.265010
2.023154 3.146066
5.937152 5.718049
3.244454 9.537451
5.939219 0.448423
6.648496 1.271277
6.351144 3.668836
2.123337 6.930636
3.207366 6.192340
4.665293 9.584726
0.494218 6.321902
2.208691 1.471016
3.369164 5.540177
3.756804 0.596963
3.150799 5.475291
3.212902 9.237071
7.444168 4.130281
7.625606 3.555945
4.770455 7.036236
8.019419 2.376534
2.413344 1.065450
7.020093 6.708389
7.897561 4.300694
1.756656 4.120809
8.436159 6.529823
6.732263 9.141895
7.823042 1.872335
8.333295 7.683288
3.023880 2.347947
1.951126 2.574539
0.281582 2.552585
1.294725 0.439359
4.299218 6.956614
9.808497 1.403294
5.164786 4.565696
5.651442 3.784074
8.934817 7.468408
1.528489 9.310771
6.136466 5.581672
1.162142 2.121686
9.173948 6.549448
6.580856 4.453419
8.611210 8.602354
9.767820 7.758435
6.009932 8.932136
2.412235 2.428282
2.139054 1.086487
0.578907 9.695227
7.677478 5.364879
7.519939 7.619712
4.498372 4.139706
6.033746 9.164677
0.729332 7.887908
2.062485 4.185163
0.029356 3.382927
6.856112 0.677029
8.831599 2.690424
7.961228 4.355239
8.502567 2.649986
8.322295 2.817246
9.453173 9.480804
3.876973 0.281005
2.858061 5.436552
2.126756 4.380804
8.179631 5.064392
7.237189 5.440002
0.107786 1.561240
9.760687 7.874736
0.694178 7.055178
6.383442 6.506982
2.839616 5.418882
5.155096 1.694334
6.672888 1.222055
9.085912 6.925190
1.675081 3.091024
0.848253 6.591333
0.528805 7.622896
8.015555 7.427296
0.563235 6.285778
5.064791 3.941570
5.970837 1.850991
9.610251 9.486944
7.072112 0.994212
9.726236 8.856538
1.829360 6.059276
8.259851 3.309189
7.547096 4.047932
3.595674 2.494288
1.499426 0.858144
2.825372 6.033413
3.567649 1.480142
6.741740 8.420640
5.695327 1.367253
9.425641 6.753844
1.852395 3.207067
1.179707 7.342743
9.487967 4.257724
9.561684 3.229032
0.335223 4.095304
9.778167 1.650811
5.186372 7.352817
8.790413 0.467551
8.129057 5.064341
6.372767 7.091301
3.499950 3.654169
5.619315 3.832606
4.616317 6.447200
8.095417 9.676625
5.035157 5.880587
5.032618 3.204726
1.835297 5.835702
0.636441 6.660523
3.416455 0.365891
9.522374 2.545252
8.058601 0.912053
8.882498 8.143812
3.041051 0.936392
7.935827 7.440414
1.035109 7.077508
1.677101 7.031405
6.827960 7.523936
4.796413 3.318364
1.750128 4.403095
2.814936 0.630077
9.705831 5.895958
3.369093 4.338516
7.444812 4.955793
2.009543 4.393659
4.219433 6.006697
4.555540 4.960128
4.878363 0.646967
3.580688 0.616994
9.817569 3.877090
2.245659 2.789019
5.040582 7.069372
4.940412 3.504175
4.674400 2.647065
9.216759 6.065454
2.087752 8.852568
5.105571 9.331084
7.529424 7.022975
5.136867 5.315300
4.249691 4.561980
3.198502 7.226871
2.028712 6.559184
0.199715 6.606119
9.037551 4.125359
4.909883 0.403728
5.460974 2.589457
1.002295 5.580111
4.921265 1.702576
5.201267 7.695125
1.965882 0.576763
3.658397 6.670461
0.434619 4.641492
9.564358 8.166557
5.322561 6.290337
1.692146 9.902257
7.232022 8.600643
1.010374 1.363548
7.145899 1.127893
6.492070 2.225263
9.989897 0.204884
3.486409 6.077595
6.138886 6.264861
3.523224 4.819627
3.462715 7.858309
4.602411 2.718317
6.759729 0.765102
9.073358 5.927684
6.583543 9.613604
5.848621 7.768803
0.278053 3.237785
7.444434 8.599294
8.333391 9.307025
3.168786 7.784143
8.093996 5.793285
7.743970 2.899111
5.357533 4.064677
5.034339 2.132631
3.123210 1.783652
7.840558 6.251119
2.550553 7.146789
6.077510 4.713470
9.287507 5.125892
0.871099 0.565766
8.821703 6.366460
1.087434 6.505334
5.147965 1.839985
4.623839 2.865056
2.995114 8.881030
3.472591 3.840731
1.167130 5.951962
4.622575 1.612863
7.392923 2.852822
7.385358 5.718228
6.255023 8.178416
4.638507 9.394670
6.221711 8.301482
3.003663 2.559474
7.071771 5.246918
4.951514 0.088184
2.104982 8.438483
5.581371 6.095272
3.242264 2.732306
1.867540 7.743683
8.086598 1.456226
4.796007 6.481718
8.230674 2.929945
3.578696 7.137508
0.098206 0.541910
7.884319 1.756162
5.812492 0.551022
1.031887 2.925216
4.098003 5.130020
0.248654 9.127162
0.204780 1.739407
4.212526 9.918866
6.382413 9.220488
8.750054 2.163484
1.676210 2.058700
0.570085 1.425992
6.642529 0.988799
8.741172 2.877369
9.936448 1.883107
9.379677 4.236492
2.713526 6.225215
7.194441 6.967173
7.272672 1.795487
6.742410 9.691081
8.002521 8.367533
3.134619 3.541752
6.218259 0.277093
7.103881 4.924932
3.339695 0.259434
0.302445 3.185354
6.248709 2.057466
9.838581 7.032846
1.036407 8.894843
5.622974 5.319929
2.041219 6.768653
0.751365 8.183647
2.555400 8.614753
8.160163 7.866433
1.143753 3.062355
9.004447 7.734681
6.782767 7.959303
2.012298 0.700798
8.319696 9.133114
0.242606 7.478121
4.781621 4.702631
7.126101 8.384012
0.091200 2.804202
0.230074 6.858550
1.649872 9.406220
0.341339 6.891377
3.379556 0.203608
2.036131 1.253986
5.739974 1.742789
1.061941 8.050514
4.989933 5.808258
9.392186 4.469910
5.770807 9.955030
4.181694 1.724314
0.538062 3.214717
9.751223 8.810981
6.164934 4.038461
4.410219 2.552438
8.819949 6.875370
4.340287 7.198398
3.480355 4.318985
9.186693 0.753575
5.334952 4.543449
1.742894 2.817396
1.976395 7.263702
1.032848 9.083538
7.015403 7.878224
9.311023 0.365523
3.340873 0.054043
8.306972 5.278356
3.335373 7.609674
5.791826 3.217068
9.255605 8.950413
9.589245 6.444358
0.317781 0.941347
1.224753 4.420234
0.878388 3.059949
8.566692 0.398636
9.867730 6.938673
8.284003 9.239327
5.373962 0.182115
0.815145 0.141800
3.237522 3.026448
5.517887 9.129012
1.307554 6.063267
5.323461 1.408143
6.660613 4.922875
8.759352 8.434790
3.522645 5.096458
6.176238 4.030227
6.024514 4.013246
0.625002 4.415702
4.703709 5.244929
1.517342 1.972614
3.724618 9.661407
9.270818 4.640871
9.112242 9.450492
4.414770 9.039153
1.046582 9.908916
9.147068 4.771266
0.660380 9.001019
0.121411 0.562996
2.272337 1.171653
1.976295 5.596685
3.483974 5.149910
4.537303 8.456655
1.004335 9.862269
5.156180 9.919600
8.720137 9.335851
7.648122 1.990952
1.932284 5.888803
3.114424 4.131604
9.875582 8.910747
2.921189 6.428788
8.637020 2.395306
7.905011 9.512271
2.737067 1.876904
5.128760 9.075664
4.687386 0.902433
7.191509 7.694465
0.873725 4.700384
9.347356 1.011488
0.084379 8.165893
4.170690 6.780634
2.112497 4.742778
1.867761 1.466452
6.666284 0.239835
0.904259 7.873538
0.546834 0.642539
9.158568 8.058872
5.468018 0.975110
8.670021 7.042347
0.728306 0.646964
3.522851 8.552740
5.894238 4.452615
5.095774 4.680632
7.380869 0.259115
4.939973 6.123674
0.594048 4.160075
8.382851 0.577557
7.006269 4.368139
5.311623 2.441488
4.087765 3.058840
9.915515 0.064956
1.712301 8.636284
0.025181 3.223205
2.408169 4.098052
5.964468 4.807626
1.766614 1.481846
5.382260 9.640972
5.815847 6.938526
5.803279 5.706620
1.154986 1.849800
9.583902 6.648510
1.505520 3.277143
8.936129 9.521786
2.654052 6.655812
4.237704 3.086269
0.926153 5.852594
4.539081 8.340707
2.263825 8.112432
5.646914 7.683590
8.098028 3.557512
1.105718 3.801071
4.592286 2.551449
2.201201 5.589893
9.330978 5.748768
9.545416 9.813961
3.237285 9.047835
6.967907 9.607421
1.926490 8.510456
5.231499 5.807044
8.993146 7.802004
8.278772 1.318678
3.015741 5.553109
1.098130 6.273436
7.634231 8.512356
7.175060 1.235484
4.783845 2.074953
3.741287 9.806451
7.028159 2.260948
9.757444 3.369005
2.868568 2.017443
7.164178 8.341765
0.051128 9.305057
0.086880 0.184418
9.509184 0.858647
1.286773 6.797686
8.705687 6.483769
2.712796 3.955347
7.511702 9.167248
3.941848 0.631361
1.288453 5.023565
1.054003 4.634319
9.000079 4.324746
6.006786 6.046072
6.331880 9.911975
0.564592 9.101053
1.394030 9.464727
3.662417 4.246150
5.051051 3.011240
9.917433 2.290579
7.762625 6.442795
4.048885 9.616956
2.185018 3.598439
8.956703 5.309406
5.194153 8.131056
8.653396 7.621164
8.900991 8.963136
3.428350 0.276014
8.975583 2.630879
7.175842 4.372358
6.222754 5.832471
6.333726 0.925137
8.780778 8.531049
1.339297 9.558058
2.282120 5.594593
8.321349 6.913829
0.721533 6.797944
3.049400 1.271567
1.222667 9.365066
8.656138 3.705252
4.174293 7.337870
7.586656 8.927741
8.542031 5.914980
3.076825 2.191810
7.748852 4.950375
0.951537 2.482304
0.084918 7.211298
0.284714 5.187814
1.588969 5.805089
6.136952 3.752089
1.351452 3.853845
1.565671 4.234617
1.213015 7.150962
6.221032 6.878191
1.763467 8.587251
5.925716 3.514864
4.312741 4.236803
7.952889 4.197488
7.177384 0.297989
8.299757 4.022774
0.760735 5.675789
2.981408 8.526721
8.600395 6.832032
5.969214 4.576486
6.995461 2.719361
4.294866 3.810193
7.909842 0.721261
2.234310 2.049756
0.252142 7.744241
7.461258 1.364998
1.519091 1.369240
2.810663 8.812104
5.031336 1.661314
1.712009 3.733455
8.177799 4.269116
1.033026 2.062175
8.982192 3.707798
6.964732 6.248409
7.017598 4.764528
7.429565 8.697454
8.104639 4.665346
