36.643218 62.564703
24.968237 41.153374
64.760075 22.576291
39.722583 17.457888
14.727598 26.746124
22.109898 1.054967
30.834434 34.329268
72.005370 94.260859
42.261481 88.710028
49.444862 19.796627
21.903350 29.607054
5.755006 24.387616
82.654682 77.245516
65.388084 77.535625
41.246656 32.546191
3.834918 53.470015
70.534926 80.493242
49.910554 46.674600
60.002746 66.148030
49.937030 91.670217
1.329884 51.360056
8.463000 37.638616
92.225720 37.671087
37.967057 12.329877
28.249571 90.544045
73.758283 55.461807
46.595997 38.920224
32.201030 2.716363
53.916683 77.698671
81.562979 28.995072
20.182433 6.146546
4.998461 9.139054
0.082816 91.887685
56.316331 8.570566
45.497045 68.828081
93.555787 92.110820
6.549691 80.662778
99.302203 72.123054
72.165160 79.848165
8.111656 32.599965
7.613866 66.245663
90.855089 1.482590
17.889502 68.864826
11.125194 81.127851
15.797715 12.192699
22.685712 78.765180
6.377106 80.018584
72.340536 27.387181
96.346098 88.865899
69.158401 45.237779
11.356904 75.480671
3.643468 35.763950
84.700003 52.944603
39.947008 89.370292
46.492967 7.293763
86.270299 44.911972
35.517908 49.478147
79.208283 53.616690
35.705846 8.154604
54.429915 3.583204
22.914372 21.847455
90.172733 33.124135
17.340596 43.394317
28.286365 8.936785
0.550627 54.389726
28.119796 9.417109
73.349558 86.021935
70.655317 3.909445
6.042848 62.145856
85.405010 2.004268
85.739678 26.770462
31.159000 89.321164
20.801618 12.799313
18.052336 5.613890
52.650239 92.569509
15.744116 11.349422
49.734396 86.001372
25.052242 53.030389
81.741102 22.700275
23.521574 27.087044
51.941186 75.511218
17.032943 72.667892
29.262159 9.108439
85.526429 42.699530
51.000635 67.672061
64.322525 68.684161
74.695841 13.003237
45.403355 94.179804
79.964516 63.616888
9.036984 84.583371
92.723201 98.838855
84.633632 37.445932
53.772732 58.313576
76.269812 66.731616
58.275607 38.127229
4.330893 89.317130
52.995520 95.710398
4.661903 52.600932
63.858748 73.971000
30.598156 63.215418
