0.810130 0.851115
0.683894 0.213140
0.235860 0.098566
0.602392 0.406710
0.582694 0.339199
0.918355 0.800126
0.723540 0.532210
0.849919 0.582405
0.480401 0.102569
0.881580 0.714038
0.844811 0.732026
0.155588 0.971416
0.590712 0.099150
0.420283 0.695038
0.501991 0.959642
0.705301 0.997885
0.453930 0.201527
0.057074 0.236726
0.647035 0.722923
0.162560 0.147527
0.487893 0.025657
0.225386 0.061185
0.338205 0.212955
0.128259 0.652104
0.908319 0.116128
0.761269 0.653002
0.006684 0.344729
0.858267 0.893404
0.447014 0.962381
0.732351 0.623786
0.977076 0.717671
0.901174 0.028623
0.069974 0.057849
0.269806 0.631799
0.642657 0.136949
0.707110 0.403784
0.390058 0.703363
0.421304 0.854572
0.785553 0.785504
0.961747 0.083394
0.600812 0.839826
0.957020 0.626822
0.992787 0.765877
0.101978 0.935908
0.808244 0.157418
0.730879 0.877957
0.827022 0.762873
0.605601 0.340710
0.309805 0.896937
0.828182 0.253115
0.105548 0.942732
0.492838 0.131282
0.458670 0.872213
0.275907 0.161079
0.252387 0.859917
0.632522 0.802597
0.239916 0.274679
0.534855 0.305567
0.656590 0.300141
0.469276 0.121451
0.223628 0.508572
0.572505 0.092581
0.011962 0.047851
0.233009 0.186919
0.545568 0.366374
0.656132 0.611563
0.535431 0.986558
0.085927 0.171142
0.381611 0.743880
0.387299 0.334536
0.540194 0.047005
0.018147 0.996146
0.222183 0.222065
0.243700 0.858537
0.433982 0.936334
0.968527 0.027488
0.995312 0.214453
0.310393 0.770771
0.348619 0.239255
0.157134 0.949891
0.810861 0.136589
0.652983 0.690076
0.115047 0.600563
0.660968 0.881192
0.187457 0.589447
0.830530 0.720274
0.651259 0.708131
0.558708 0.197863
0.477690 0.532822
0.140178 0.965474
0.714524 0.010375
0.367907 0.412447
0.000057 0.960194
0.976614 0.950164
0.408735 0.614056
0.445693 0.762830
0.875518 0.838143
0.667324 0.719381
0.636440 0.645418
0.548524 0.047619
0.327620 0.304484
0.467372 0.115944
0.673594 0.101748
0.083761 0.777382
0.462229 0.677296
0.310936 0.896552
0.355728 0.713094
0.970461 0.531730
0.790895 0.570434
0.278793 0.678174
0.072501 0.527978
0.733290 0.403719
0.305495 0.459758
0.146965 0.036590
0.967327 0.859381
0.612921 0.368660
0.063484 0.967692
0.006125 0.944813
0.477053 0.831945
0.495516 0.142516
0.268897 0.358170
0.756828 0.014366
0.455654 0.173939
0.400387 0.312143
0.194452 0.160797
0.517550 0.471158
0.746674 0.352535
0.052791 0.251339
0.247714 0.334832
0.520504 0.118490
0.464926 0.007595
0.653710 0.900285
0.085228 0.421116
0.701836 0.760666
0.515537 0.635854
0.793311 0.176987
0.621853 0.488800
0.259177 0.980050
0.706492 0.007736
0.010707 0.952100
0.939665 0.953497
0.415822 0.728180
0.519201 0.212850
0.378189 0.224222
0.491012 0.442828
0.613777 0.751429
0.265963 0.047661
0.030365 0.345557
0.780462 0.228590
0.909376 0.885007
0.313941 0.398039
0.845102 0.621808
0.729478 0.331433
0.396086 0.012042
0.397595 0.371490
0.636390 0.805970
0.936906 0.576365
0.973120 0.223367
0.124005 0.157454
0.322928 0.448555
0.858436 0.728053
0.381577 0.165237
0.140933 0.655039
0.242691 0.901307
0.270706 0.752446
0.359341 0.442299
0.724438 0.632438
0.384513 0.513469
0.879535 0.341501
0.611518 0.784741
0.144995 0.934632
0.367788 0.413733
0.616646 0.961801
0.988623 0.787539
0.173812 0.265878
0.616570 0.688114
0.134367 0.310589
0.075393 0.127360
0.541709 0.506138
0.653750 0.575614
0.349429 0.848763
0.163070 0.712815
0.284766 0.068742
0.350865 0.984550
0.337151 0.499564
0.178506 0.148801
0.899337 0.158762
0.310690 0.761302
0.208455 0.506584
0.165656 0.175430
0.449778 0.418386
0.812883 0.119037
0.648301 0.001287
0.627115 0.919932
0.301167 0.721803
0.337011 0.151928
0.445886 0.998329
0.912515 0.634392
0.218363 0.023000
0.553660 0.360208
0.011125 0.974756
0.717731 0.898339
0.389748 0.499680
0.129808 0.676292
0.440688 0.644254
0.969390 0.541474
0.560348 0.773253
0.062745 0.547017
0.721746 0.385935
0.416837 0.775922
0.916997 0.972290
0.276151 0.262511
0.024876 0.095830
0.610107 0.071664
0.458389 0.146940
0.626324 0.624934
0.272786 0.714356
0.177307 0.003977
0.841866 0.238802
0.547923 0.940755
0.269541 0.169876
0.108108 0.964291
0.845799 0.342994
0.692504 0.909034
0.142111 0.463455
0.279876 0.882098
0.416202 0.106060
0.556590 0.613224
0.460996 0.966868
0.149053 0.135563
0.406577 0.337066
0.070109 0.327653
0.859123 0.287342
0.353917 0.291144
0.250329 0.283378
0.735244 0.246984
0.054985 0.127085
0.921780 0.355183
0.565242 0.026789
0.250883 0.584196
0.584984 0.833854
0.578512 0.048190
0.924016 0.941869
0.000445 0.479004
0.614954 0.535575
0.404468 0.896347
0.901802 0.587968
0.985275 0.514160
0.486447 0.721283
0.595810 0.780191
0.661974 0.793835
0.979954 0.089814
0.509914 0.130512
0.511649 0.276967
0.992295 0.503540
0.001346 0.619240
0.570722 0.121046
0.423076 0.641397
0.951101 0.150749
0.641892 0.279993
0.848731 0.626220
0.878238 0.537690
0.962943 0.182215
0.479164 0.311702
0.774311 0.841548
0.889604 0.574332
0.792720 0.242773
0.287381 0.007599
0.721823 0.673655
0.118347 0.053214
0.375103 0.362465
0.944832 0.795485
0.709931 0.809260
0.240434 0.969486
0.150584 0.861128
0.983102 0.988518
0.023797 0.949414
0.806074 0.681490
0.796258 0.711096
0.382924 0.801664
0.568637 0.085373
0.861457 0.499557
0.056180 0.213172
0.788151 0.457200
0.158769 0.429220
0.901104 0.851060
0.762832 0.925466
0.312307 0.940491
0.824523 0.756949
0.042946 0.787265
0.562242 0.597282
0.514546 0.977630
0.031231 0.894433
0.740958 0.275916
0.324016 0.737598
0.807120 0.269619
0.483712 0.751217
0.696544 0.819395
0.577440 0.027990
0.429892 0.198726
0.988992 0.980397
0.526352 0.400830
0.751608 0.280501
0.378284 0.821552
0.827421 0.466667
0.271102 0.413516
0.960056 0.665651
0.603619 0.024803
0.861752 0.468597
0.713250 0.588287
0.343411 0.703905
0.535760 0.526501
0.898491 0.932090
0.629394 0.229485
0.961096 0.148391
0.003218 0.083655
0.992696 0.242709
0.217649 0.028103
0.319569 0.997673
0.894036 0.054750
0.175825 0.096369
0.674193 0.166389
0.495473 0.421277
0.404031 0.549703
0.853921 0.849603
0.271838 0.777332
0.622404 0.751864
0.570627 0.526846
0.701783 0.859687
0.753828 0.595557
0.531474 0.479849
0.821364 0.665537
0.674106 0.698514
0.925618 0.865073
0.278538 0.390490
0.963729 0.396609
0.799866 0.339936
0.296306 0.019720
0.432964 0.821356
0.529593 0.862726
0.834068 0.172827
0.698159 0.957472
0.225506 0.083597
0.018039 0.184263
0.908850 0.033923
0.151658 0.915404
0.192755 0.637234
0.997924 0.116573
0.242973 0.648493
0.226095 0.983493
0.559311 0.336126
0.265375 0.155983
0.603771 0.579283
0.006575 0.512130
0.364409 0.617975
0.308073 0.784370
0.906158 0.797587
0.051568 0.709170
0.016739 0.332664
0.090540 0.705299
0.968121 0.215722
0.634486 0.810622
0.122922 0.945250
0.812247 0.440042
0.783296 0.850810
0.567257 0.884923
0.899974 0.860469
0.898357 0.678424
0.270996 0.632117
0.986408 0.560240
0.953841 0.210059
0.466556 0.408278
0.920720 0.536873
0.219901 0.878537
0.578232 0.349245
0.767553 0.262029
0.919888 0.562429
0.738442 0.995044
0.707325 0.013579
0.221772 0.324146
0.914902 0.751319
0.425859 0.409063
0.129432 0.361140
0.678671 0.420537
0.967390 0.928236
0.860186 0.143117
0.370650 0.522073
0.481161 0.875094
0.710301 0.021386
0.439008 0.404741
0.482247 0.126454
0.304535 0.323326
0.140758 0.716472
0.749377 0.770983
0.905673 0.637815
0.753650 0.600249
0.389196 0.210938
0.242874 0.988434
0.614314 0.782996
0.821178 0.544631
0.613404 0.475393
0.929811 0.339344
0.361724 0.502971
0.438313 0.727446
0.183137 0.983499
0.668449 0.630581
0.181593 0.032073
0.042897 0.965136
0.043748 0.280606
0.152788 0.910409
0.244544 0.045678
0.717910 0.905669
0.574069 0.378366
0.194900 0.683871
0.821790 0.820302
0.810035 0.261196
0.913771 0.747541
0.920210 0.967053
0.262649 0.339971
0.894327 0.953650
0.991238 0.736586
0.806970 0.753112
0.560237 0.904707
0.415825 0.776343
0.002749 0.208003
0.911101 0.873801
0.965845 0.955396
0.347245 0.141510
0.366045 0.119445
0.518719 0.106297
0.537230 0.231492
0.684366 0.138317
0.688578 0.937954
0.192231 0.830495
0.128750 0.893693
0.302274 0.323087
0.117292 0.323428
0.853684 0.866012
0.063824 0.690756
0.539856 0.359090
0.220623 0.005371
0.276355 0.706301
0.808566 0.572123
0.675757 0.442539
0.755394 0.907146
0.394499 0.346616
0.579629 0.832501
0.847010 0.699435
0.400229 0.641301
0.345795 0.777334
0.656230 0.258184
0.296829 0.812716
0.321783 0.201290
0.080660 0.648864
0.450540 0.222545
0.317343 0.583097
0.106332 0.119176
0.986805 0.229308
0.986176 0.662051
0.086172 0.288759
0.174247 0.571598
0.853357 0.366250
0.566265 0.207533
0.001850 0.100481
0.783288 0.718576
0.104788 0.177399
0.547345 0.225225
0.363944 0.812588
0.172740 0.240044
0.415238 0.909139
0.894819 0.219571
0.336177 0.120492
0.106253 0.796879
0.151347 0.687702
0.211787 0.506221
0.055805 0.912671
0.264873 0.726647
0.749816 0.156250
0.092538 0.288446
0.905488 0.543394
0.816823 0.345538
0.465435 0.569541
0.283947 0.299897
0.367100 0.852871
0.205210 0.959225
0.690550 0.072986
0.670463 0.464234
0.380483 0.774897
0.698656 0.313788
0.831898 0.708974
0.726346 0.689622
0.478561 0.182236
0.835100 0.518769
0.948759 0.790897
0.610794 0.619167
0.334821 0.331232
0.008622 0.905814
0.012805 0.210840
0.591323 0.358229
0.756804 0.597557
0.147671 0.901295
0.070312 0.727381
0.085066 0.705671
0.219324 0.182472
0.807115 0.182394
0.495063 0.529901
0.040824 0.128534
0.277308 0.715742
0.482623 0.440283
0.836666 0.849743
0.630885 0.292048
0.445436 0.450578
0.869629 0.861667
0.031136 0.299239
0.314365 0.532330
0.878177 0.520967
0.888885 0.494808
0.240526 0.519890
0.786415 0.275455
0.574236 0.178249
0.838608 0.487886
0.906485 0.299486
0.458944 0.472646
0.766231 0.036729
0.303733 0.835275
0.469756 0.192543
0.066868 0.853587
0.235404 0.428740
0.833088 0.702170
0.370709 0.512070
0.353672 0.170325
0.658738 0.413083
0.681282 0.313469
0.474607 0.725310
0.282407 0.418618
0.714743 0.677929
0.948498 0.400508
0.331628 0.679154
0.535715 0.762991
0.598031 0.099278
0.557124 0.588872
0.178715 0.663811
0.676899 0.643487
0.092540 0.314038
0.034056 0.372797
0.602754 0.494405
0.461975 0.405437
0.171571 0.599144
0.812870 0.904665
0.696746 0.215907
0.741351 0.892532
0.790095 0.122720
0.553552 0.544075
0.272773 0.492924
0.578667 0.662596
0.253683 0.655354
0.535664 0.907428
0.150106 0.836666
0.842003 0.540013
0.998384 0.840456
0.543781 0.318994
0.334541 0.633931
0.475094 0.903091
0.248776 0.175385
0.696239 0.697068
0.621251 0.367035
0.753149 0.172909
0.077377 0.467263
0.284621 0.620396
0.989987 0.704792
0.440431 0.326383
0.519369 0.040377
0.613365 0.826235
0.527974 0.655895
0.626532 0.124464
0.868603 0.611754
0.749196 0.743117
0.566196 0.050764
0.190612 0.611439
0.459189 0.589817
0.061212 0.794944
0.626733 0.499257
0.015153 0.671527
0.355283 0.238027
0.519014 0.065633
0.087443 0.656007
0.513462 0.753648
0.556179 0.699911
0.397369 0.583981
0.976120 0.655136
0.874763 0.133958
0.426570 0.357707
0.975195 0.096220
0.173480 0.686170
0.460504 0.696524
0.485264 0.834650
0.969970 0.279810
0.767059 0.964450
0.504597 0.754995
0.199376 0.907802
0.426307 0.935111
0.418031 0.840306
0.029082 0.780748
0.032861 0.301392
0.501274 0.907973
0.296095 0.474343
0.288784 0.587980
0.185231 0.173109
0.446824 0.773503
0.265959 0.968442
0.604873 0.108486
0.323827 0.558613
0.604492 0.699402
0.845276 0.559819
0.883609 0.813780
0.196960 0.300200
0.457183 0.873373
0.772238 0.997425
0.715349 0.872753
0.359778 0.783332
0.459725 0.601788
0.245806 0.256188
0.749841 0.579930
0.890699 0.982563
0.930380 0.897791
0.172375 0.105837
0.806883 0.280471
0.883869 0.184862
0.972402 0.161883
0.766413 0.104838
0.010516 0.744893
0.411773 0.670488
0.885011 0.378125
0.139440 0.564349
0.011540 0.953592
0.015720 0.208983
0.381585 0.307419
0.787930 0.736927
0.539637 0.683709
0.102244 0.411989
0.294652 0.220104
0.290279 0.714680
0.621745 0.660912
0.951067 0.579025
0.674930 0.555602
0.997944 0.446760
0.690717 0.881431
0.216511 0.900472
0.228423 0.101439
0.888915 0.992049
0.362358 0.148430
0.663897 0.109117
0.927180 0.110896
0.829530 0.905735
0.684936 0.720477
0.058727 0.024946
0.270701 0.668250
0.275816 0.640243
0.566319 0.122498
0.821587 0.407488
0.652911 0.470767
0.185344 0.069392
0.263665 0.409439
0.441023 0.273464
0.101966 0.736727
0.171536 0.001969
0.085021 0.951765
0.315730 0.477390
0.498557 0.247181
0.375604 0.769065
0.681513 0.185057
0.245335 0.344120
0.622918 0.379457
0.539831 0.943901
0.140962 0.143029
0.886857 0.404357
0.023731 0.855233
0.902527 0.768210
0.297264 0.121935
0.355961 0.635005
0.529166 0.692762
0.251754 0.224609
0.011450 0.441028
0.365095 0.146389
0.363839 0.047280
0.640784 0.659175
0.750132 0.463835
0.679710 0.882983
0.289505 0.702488
0.711338 0.451783
0.113880 0.975198
0.161109 0.753282
0.409896 0.128748
0.869690 0.875878
0.881563 0.437337
0.326311 0.305859
0.580174 0.985737
0.288680 0.836744
0.158218 0.170610
0.434655 0.243692
0.739467 0.218073
0.156962 0.065420
0.506738 0.750252
0.477662 0.062590
0.955253 0.930900
0.638648 0.756449
0.643115 0.830771
0.771274 0.794242
0.823347 0.994842
0.314852 0.723166
0.249576 0.627411
0.898802 0.169699
0.137202 0.956837
0.554283 0.835615
0.183648 0.563986
0.911707 0.059202
0.005628 0.589413
0.260583 0.612391
0.449275 0.970924
0.317410 0.714078
0.500559 0.888681
0.058719 0.890020
0.559233 0.032495
0.147542 0.733070
0.709947 0.073314
0.193868 0.337452
0.547385 0.894951
0.447089 0.226825
0.240479 0.730851
0.409690 0.658082
0.385235 0.650908
0.811361 0.543769
0.123460 0.994442
0.590561 0.560198
0.246431 0.772465
0.812694 0.940153
0.155665 0.253939
0.951131 0.654509
0.334701 0.327767
0.781773 0.254990
0.624184 0.658502
0.448174 0.453969
0.856797 0.189924
0.047932 0.587981
0.192642 0.739395
0.005064 0.115178
0.796533 0.322791
0.156125 0.993373
0.617523 0.712785
0.780960 0.586706
0.769459 0.299608
0.511777 0.439863
0.775426 0.590382
0.551804 0.172971
0.131455 0.371183
0.476230 0.996114
0.679823 0.784884
0.550477 0.863045
0.197197 0.283681
0.823668 0.381474
0.433684 0.931457
0.999925 0.735603
0.281099 0.426567
0.319287 0.256193
0.829694 0.659983
0.331802 0.589859
0.754503 0.938369
0.168594 0.562543
0.668112 0.952089
0.755566 0.790106
0.311828 0.901127
0.235475 0.635910
0.747682 0.289487
0.401658 0.661837
0.494408 0.520109
0.468127 0.807905
0.452324 0.207909
0.333501 0.144156
0.823023 0.555054
0.791363 0.443526
0.347532 0.964143
0.345712 0.385798
0.105960 0.876292
0.844723 0.265137
0.159494 0.621482
0.255136 0.068609
0.118949 0.169665
0.566973 0.113593
0.150508 0.587003
0.762730 0.197670
0.240970 0.975931
0.469499 0.865015
0.299217 0.935522
0.314158 0.046951
0.102681 0.757991
0.556435 0.998833
0.394405 0.764594
0.531134 0.772673
0.309343 0.130064
0.990304 0.042579
0.631927 0.801858
0.834245 0.148240
0.471380 0.477653
0.915361 0.466382
0.483579 0.512366
0.339179 0.582902
0.827451 0.968220
0.870255 0.380589
0.553761 0.054061
0.603075 0.879033
0.907133 0.178765
0.507486 0.318923
0.141615 0.118111
0.089464 0.615383
0.735381 0.540368
0.967658 0.421464
0.545888 0.737064
0.832490 0.651813
0.015461 0.847888
0.448361 0.598127
0.716268 0.316457
0.693280 0.965171
0.637199 0.396468
0.437554 0.973962
0.385855 0.063900
0.970023 0.180555
0.582634 0.336586
0.006930 0.469116
0.431089 0.319727
0.645436 0.837756
0.158117 0.477907
0.178760 0.413397
0.971634 0.254431
0.226225 0.161735
0.288045 0.165004
0.228742 0.466267
0.543469 0.083912
0.313439 0.967099
0.025900 0.299684
0.792163 0.890465
0.050532 0.293315
0.739078 0.676896
0.583623 0.959998
0.688928 0.819197
0.236198 0.783938
0.650135 0.825755
0.467228 0.705610
0.191753 0.797040
0.850732 0.254673
0.287860 0.064573
0.270893 0.906668
0.376407 0.277277
0.193857 0.148296
0.410583 0.669919
0.332051 0.775464
0.215905 0.709522
0.928348 0.743249
0.792633 0.789197
0.037064 0.942319
0.550121 0.880185
0.266588 0.550734
0.188969 0.999602
0.302655 0.721637
0.545980 0.277458
0.231490 0.646932
0.993076 0.628322
0.214373 0.966535
0.548707 0.114350
0.883752 0.227565
0.686965 0.826855
0.954920 0.346433
0.507607 0.356824
0.134732 0.432352
0.538665 0.343565
0.298949 0.440940
0.872418 0.733283
0.294369 0.459519
0.142196 0.887322
0.212749 0.669575
0.552003 0.515097
0.239277 0.534341
0.676666 0.720575
0.696997 0.435525
0.865980 0.524415
0.843322 0.709840
0.274697 0.837086
0.900331 0.867317
0.992285 0.341683
0.668349 0.945572
0.227343 0.961809
0.128144 0.711689
0.349891 0.621780
0.258111 0.073529
0.798741 0.431897
0.892420 0.897616
0.233245 0.141802
0.272975 0.892629
0.409997 0.814110
0.743140 0.948381
0.435572 0.665310
0.873331 0.081694
0.023763 0.390956
0.795663 0.708119
0.357445 0.572103
0.331224 0.886030
0.497900 0.211038
0.915174 0.325316
0.581534 0.849935
0.860632 0.648770
0.871773 0.893770
0.589328 0.843885
0.168132 0.796273
0.958644 0.923163
0.598005 0.672310
0.513092 0.540520
0.520768 0.547174
0.358489 0.124450
0.627911 0.298617
0.863118 0.416960
0.842576 0.179948
0.380485 0.805937
0.377524 0.044496
0.838321 0.663838
0.118479 0.268570
0.856029 0.271781
0.827125 0.488008
0.954091 0.399460
0.723785 0.648011
0.125787 0.109689
0.539628 0.532285
0.109119 0.960215
0.331900 0.239595
0.867942 0.495445
0.947203 0.634052
0.512916 0.580830
0.006964 0.038085
0.096750 0.071045
0.051376 0.483148
0.272004 0.574461
0.964811 0.582805
0.210476 0.471963
0.277058 0.511432
0.645908 0.772410
0.903097 0.355340
0.193908 0.018306
0.677264 0.779956
0.715316 0.312643
0.594894 0.377238
0.245734 0.048908
0.993718 0.414139
0.438649 0.374054
0.724215 0.889383
0.858880 0.200866
0.950141 0.017002
0.753146 0.132501
0.947776 0.276984
0.273990 0.943149
0.503708 0.813439
0.461898 0.119040
0.699948 0.019151
0.866636 0.552153
0.032167 0.633473
0.784434 0.980194
0.122868 0.036749
0.642724 0.263031
0.758682 0.164357
0.346989 0.851784
0.925910 0.775086
0.877610 0.990265
0.379694 0.512809
0.786674 0.626721
0.295999 0.847257
0.845704 0.752707
0.740104 0.929986
0.269905 0.291881
0.649051 0.604261
0.821193 0.793580
0.698907 0.525087
0.131858 0.132399
0.234482 0.945168
0.446092 0.466819
0.829464 0.801082
0.783829 0.807276
0.885857 0.593222
0.276347 0.555894
0.915354 0.349041
0.337521 0.721771
0.797751 0.803711
0.972370 0.628289
0.651555 0.689576
0.703172 0.207413
0.993408 0.215599
0.567480 0.628471
0.712487 0.776208
0.722709 0.567259
0.923797 0.248168
0.952104 0.013562
0.933292 0.841275
0.302725 0.907457
0.625488 0.573455
