76.891405 13.847495
34.847961 89.678345
23.945374 49.893099
53.312540 23.859545
7.371936 0.122038
51.096506 78.981399
40.374796 79.188851
27.021518 50.652853
22.498873 38.559736
73.489271 34.172982
45.308363 97.651346
26.178933 89.323696
63.350457 31.138332
41.946982 2.921105
95.013154 86.081901
78.504627 27.269148
12.574368 37.399443
72.446723 12.078773
7.941776 77.436369
73.046657 95.158130
22.682660 27.470373
94.559837 67.176385
33.510896 17.636458
15.942985 53.746767
21.917574 68.664286
40.647618 64.514595
96.799297 5.788994
95.630395 60.042358
31.909870 9.192111
91.810720 62.777150
95.561378 0.086778
58.483826 37.663199
5.378188 91.199608
91.804669 61.064090
4.159112 2.198467
49.639322 88.092343
68.000831 89.958361
30.171304 89.114556
48.344886 32.498994
10.584653 96.261197
61.937994 91.856995
40.518682 97.489211
1.177249 86.018653
15.497414 65.039948
26.413614 33.611099
1.745900 43.346784
29.397983 91.905389
53.879586 54.198442
13.210093 22.033890
23.582540 51.750526
71.084936 24.516941
56.229954 56.842462
51.252571 1.964012
9.150056 84.985486
51.055240 85.416382
93.127336 91.141250
10.980594 50.840624
78.365664 91.715425
61.145117 65.984147
95.562982 27.046273
66.702643 71.316564
17.487624 14.502321
40.513813 15.653564
89.449308 74.527653
86.257970 37.698672
1.577693 16.286114
20.720438 48.408794
6.600868 40.782324
28.526694 48.153352
13.393574 5.793210
66.480950 45.330860
75.770638 77.106388
27.057565 56.499141
81.063045 26.595644
92.986584 25.511572
72.985288 63.732664
54.889955 35.466273
81.648843 72.108692
30.783497 78.232475
53.203984 99.366169
47.200876 5.125013
36.097340 87.998466
90.211049 77.098929
1.701044 89.438894
99.496383 35.702600
53.591505 12.432317
49.958457 51.789641
28.498388 72.413409
52.173273 76.194005
92.641746 29.823734
47.503149 85.429481
13.286234 1.736832
90.936069 62.511683
33.860963 1.210509
45.017077 2.015540
75.177729 12.086246
33.543263 61.629384
5.059904 41.800303
37.692269 93.972159
90.083155 27.585047
21.879965 36.576964
49.033581 7.393900
69.274658 99.180086
19.697630 58.067334
37.689661 50.130404
41.701535 77.691175
55.570957 81.066428
83.463608 72.862790
4.903705 16.573870
57.033149 56.129652
71.056611 48.454552
75.652782 96.303982
81.027932 36.446705
59.764091 55.070391
68.057574 43.642152
93.653048 26.771696
51.900444 90.767301
26.026500 27.378936
57.784926 91.249497
30.292131 19.842154
87.078864 34.462244
6.940160 43.270626
49.412509 76.037708
65.766297 34.152652
3.619255 28.820140
80.098817 20.809089
38.362451 57.710190
35.161058 51.906766
97.019655 9.345889
76.354121 83.705945
45.818052 63.997558
6.960805 90.248011
98.327163 84.634032
44.175044 49.962978
27.769599 23.653240
40.002343 19.384012
87.088250 92.214456
48.366868 1.947450
30.796624 98.858607
16.605519 88.959379
40.284811 66.824386
17.455848 80.434014
54.466039 10.709104
87.906905 51.353541
98.966615 31.906042
44.844486 1.270386
51.378595 20.041717
41.137499 97.949755
41.533145 47.562568
84.080460 40.283533
45.333176 14.689607
88.219266 1.203777
31.875170 25.981248
66.837416 36.454095
83.975614 78.152232
4.565599 34.020896
89.201292 6.121991
92.299923 84.802246
71.353892 44.861124
80.906560 96.548950
98.203746 10.351124
71.342492 53.260647
51.699912 20.414165
0.864075 22.505142
43.918319 35.193254
93.020372 93.384316
10.201389 54.745282
3.947175 40.168939
19.353705 77.712137
7.888274 78.213933
41.571265 88.256548
27.800118 36.577046
50.407891 5.429498
53.569236 38.143251
73.624520 7.300454
98.724268 58.774686
26.150399 9.763702
98.535764 90.581364
0.978386 43.725398
92.766819 31.927820
10.864993 7.931150
98.844883 85.951460
86.189897 93.592273
5.326417 21.095179
46.670064 83.763735
17.092391 71.811932
43.140111 55.840081
4.238278 32.743070
12.772187 62.147544
13.763859 29.179605
21.624652 45.523487
13.243763 87.932824
86.968472 79.100885
48.578885 65.322332
72.428024 97.793698
18.675754 83.391918
67.968980 54.651922
34.845446 47.408125
88.351612 25.547923
83.950021 48.010282
8.806578 12.149864
2.760701 99.093476
64.043819 84.468328
59.195979 6.818500
98.529914 92.268861
62.745068 56.349581
67.404636 69.721619
11.254095 47.575649
3.930998 68.290262
54.438957 55.545468
52.685411 83.706919
62.189251 14.742796
82.173772 94.593969
40.834382 3.459993
52.103241 99.177723
79.991328 14.252969
49.648037 34.551104
0.399248 10.155258
79.415054 28.811869
41.078237 1.924523
45.463768 9.551820
37.446182 57.984102
38.797376 67.493685
66.367604 40.326059
60.065392 19.038878
86.421276 82.391501
53.957704 67.129800
50.550741 6.311491
77.223675 98.303974
94.889452 7.017081
36.083520 55.714957
1.274075 13.378309
49.245608 70.939396
78.429839 70.311200
20.340741 66.825649
38.684092 63.530573
58.341960 53.326933
65.761662 56.250537
2.783636 84.564075
68.415677 62.281336
62.413578 85.009314
51.542294 71.342350
50.872039 6.366970
9.669831 20.843812
21.944284 17.574652
77.176385 3.508783
72.121255 41.929548
9.911232 78.070420
29.545305 67.945572
61.221122 43.389268
43.421913 92.084834
69.799937 27.549227
19.857641 47.376079
49.758098 84.351045
88.008268 54.961600
39.615794 22.656975
95.770975 22.780975
79.846236 75.694052
89.927697 14.808802
91.534223 15.681004
50.636900 54.384680
43.321085 97.482578
89.683575 11.842544
37.637956 81.125580
77.626164 62.938588
8.847770 4.476750
40.730076 50.379106
21.633873 0.503599
63.985911 11.204526
14.475859 95.766292
44.074310 56.925996
55.210865 29.010996
87.809043 6.580996
6.793582 79.725242
42.149744 10.743767
70.490093 26.996236
25.742830 59.751225
38.846591 94.661870
82.042677 91.268319
46.643368 35.084246
60.928374 23.174748
97.997045 36.333031
49.253438 2.531186
41.645900 42.638055
17.793888 61.878774
96.547094 67.003142
21.804913 75.165029
98.644721 21.831244
17.721949 52.797074
60.424875 60.866811
88.494296 23.638250
88.075430 83.752577
29.569453 73.792906
37.378189 15.219142
88.122988 83.054974
4.949841 91.985492
0.161452 13.515705
58.447164 21.482190
51.164773 26.335742
24.808151 50.588497
40.876641 13.701438
80.069676 31.045858
87.733355 34.494676
52.015474 24.063645
37.682104 23.125649
72.783105 65.643658
72.960129 40.891151
57.579713 42.239784
24.051310 30.359235
47.656400 61.116562
86.053966 9.010910
46.357564 31.582807
12.230527 58.471776
35.137893 62.573070
65.595570 64.745846
83.431404 31.606744
14.551300 63.701506
31.209587 39.524701
91.648533 36.886390
49.563603 15.469134
89.730456 99.771661
62.304615 53.663952
30.037716 43.885743
87.682374 77.667682
60.738454 31.192394
50.564191 32.357383
30.543499 44.582804
3.189744 10.028362
46.678559 26.547233
79.345496 59.749526
10.281909 8.042705
73.737729 10.016825
52.780261 77.845986
57.488114 2.731122
1.975022 94.201426
43.371015 36.656413
84.325659 61.349052
93.518303 62.113139
35.525089 70.163108
31.362787 14.366534
58.335145 38.785671
70.770850 45.678617
20.507896 76.214377
35.036009 50.209652
73.622795 78.320974
40.602332 3.387662
36.441913 79.237012
36.460628 93.776445
0.704766 44.993866
11.911729 0.435290
15.922499 9.447566
85.234022 28.209217
12.314015 61.652911
0.482515 9.623564
43.232980 16.697513
35.093062 9.098762
22.887432 69.077906
92.360632 5.145573
81.638587 99.728996
45.230750 93.208468
54.723304 34.578547
61.642407 23.930581
1.275957 45.011711
11.831504 52.091176
96.398061 62.208096
31.475960 16.459926
41.983202 11.673324
93.558064 30.373939
94.795923 35.082989
39.797177 71.146762
63.627118 80.976838
77.712425 12.728100
21.182121 7.902511
17.498129 91.059733
40.937871 42.798558
15.370409 30.466605
52.230101 31.309239
14.384940 67.694304
38.167836 86.825511
76.363260 37.314877
51.139717 5.216812
78.965080 66.093424
32.173143 34.020935
89.859490 68.449974
38.707519 57.278341
77.078558 59.328694
37.358783 89.071639
27.031476 18.023673
23.867209 36.177538
35.885520 27.928660
96.987582 70.291401
87.581520 82.610714
38.276600 14.816491
20.771841 12.330391
36.882839 89.878145
81.989196 92.422332
42.135586 72.798662
27.117177 58.385541
85.781962 37.432183
22.704658 97.195101
58.055729 42.641669
78.528079 21.422322
44.968392 83.756894
2.120678 42.242772
74.275469 47.807086
93.690522 56.608154
13.246611 35.797333
45.773197 10.130366
61.055703 63.192897
83.019769 13.257542
19.511177 24.350734
62.781975 76.657434
81.493739 65.271879
24.465176 86.215529
24.392421 63.413421
89.373808 5.586751
96.516917 59.816065
28.598073 47.820712
22.710435 94.287472
89.547876 31.147756
0.334695 25.216210
8.842141 9.856728
62.025203 57.594300
87.403932 97.880009
69.319123 46.498955
7.935393 70.149368
0.431675 55.159351
63.214201 41.073032
14.449977 60.759471
84.426179 50.786687
71.848270 53.867705
54.522718 63.313639
12.327663 91.036751
54.668982 21.572310
65.814538 44.935550
31.781071 44.459854
36.760598 35.366212
99.917052 5.884931
8.029164 46.154738
22.675410 5.616152
90.659784 18.991405
88.551888 91.580121
87.099612 83.185693
1.935349 27.414331
52.665688 52.218701
39.711111 24.639629
18.241115 78.423205
58.809700 14.626844
33.360869 96.119592
81.975886 68.710263
13.384187 48.026911
88.286224 26.564456
68.816285 95.304462
82.091808 17.012105
22.440998 65.857868
73.182340 75.582908
21.932230 14.996127
39.914309 39.788555
26.241535 41.479648
48.436397 70.519862
27.327414 91.847256
76.833300 37.265312
18.105668 1.969527
1.833834 21.241571
7.083335 49.603685
89.136390 15.305340
36.848114 6.250137
46.051784 92.335604
84.497791 54.370362
2.674318 47.265194
86.115658 45.856135
4.068559 80.272527
40.357878 94.851378
67.101825 80.373782
42.151002 31.887486
32.978541 70.334678
14.939235 83.719818
78.984375 90.397035
2.961768 78.438328
12.971042 4.296793
16.199152 59.153806
98.010846 68.286267
87.295752 79.707209
39.065768 78.360135
98.782768 41.987369
81.706807 46.301484
89.039069 79.636427
49.430248 74.180115
45.190496 16.659543
96.934826 83.622462
42.718311 66.645934
18.205663 82.571973
87.154766 10.147911
55.947035 1.819901
87.075820 83.308312
62.803078 31.324227
66.285244 56.097259
26.628538 45.836612
75.943332 79.581952
33.861658 12.880408
