64.878186 407.676156
813.151686 640.392742
80.813992 240.761440
477.528121 815.123150
774.782706 772.946681
914.864042 119.950581
9.413727 216.511334
905.989324 962.563408
803.191364 237.257866
592.951067 728.584214
314.884484 263.521930
13.082982 885.671438
479.860658 18.072012
736.303818 58.273989
410.929813 497.363317
185.261970 697.922073
976.283667 399.593494
967.855125 741.081159
351.031077 779.315472
955.145933 137.698936
306.015244 198.211991
348.938123 603.033595
185.624480 790.640972
302.824088 564.447817
674.455683 576.665208
12.158887 354.413823
633.121883 879.493057
639.804635 196.508762
722.763817 491.467226
89.660562 925.060245
487.532805 963.860573
604.646454 292.958784
758.275762 340.725583
574.876556 950.284098
424.839319 274.433219
399.111764 871.413515
846.944748 600.377738
548.639609 985.905145
107.769036 274.184429
217.693980 782.728901
324.639641 218.444601
398.405697 4.548077
439.530274 185.309041
489.058436 605.135907
519.192901 75.090739
50.042205 59.340239
331.390130 673.915284
494.179336 672.094319
889.217131 72.324984
566.010709 941.989259
13.481083 576.567566
371.086649 853.307023
531.137418 826.580688
341.627865 739.523556
172.412882 743.310692
822.802712 845.174892
854.414344 141.883504
636.046883 39.962833
655.331450 155.686100
616.276320 756.108414
914.110779 459.859140
852.557579 935.222204
279.587314 23.980734
44.203319 925.176989
449.650537 276.574793
392.552682 632.932784
701.298417 722.493153
942.429225 407.991287
109.560993 391.602960
670.950936 672.389184
845.007195 35.919636
701.315082 2.575430
285.253505 255.656681
821.832137 532.728229
563.352060 258.069651
376.629761 16.395310
555.982116 391.422560
638.960701 12.498004
53.951583 764.261568
944.170945 681.077624
871.619699 312.288876
639.136193 961.990481
174.017946 719.615921
584.788408 538.772198
144.334422 828.623164
669.523489 681.272502
146.939582 613.551215
955.264170 124.900181
197.340464 701.175854
662.584938 65.052156
331.584232 936.188609
521.948840 394.150197
482.356915 972.662736
542.607033 596.410560
872.278022 376.708847
345.594560 407.769199
376.922875 942.766052
69.031137 206.320801
633.700971 612.224993
665.459290 374.294706
771.121444 238.102726
792.512821 762.981488
429.865343 746.823679
865.566341 573.487778
609.084773 887.774691
829.230518 877.316039
50.667447 567.782764
724.916595 673.210589
650.362555 643.465926
731.822299 737.382326
184.755650 188.216861
360.782145 665.506968
175.613175 530.636058
400.226309 603.570067
202.118408 4.075917
503.944031 787.332337
694.592171 10.621466
514.982645 313.317440
926.208446 785.348022
344.210068 138.611602
645.198105 844.554156
421.699768 507.995112
873.849138 782.456105
739.749043 962.167842
154.925469 832.363890
539.906052 201.019202
529.719969 3.511807
22.947262 674.633307
561.994631 443.757157
226.538507 432.693423
278.367742 526.633554
130.140697 274.689653
708.991572 21.352711
875.008364 265.576266
540.308404 963.346602
966.338343 248.522493
917.534927 9.515868
933.186299 62.129586
211.960277 416.378113
66.948038 195.676202
729.927780 896.205965
533.660162 226.343122
148.858451 863.991903
111.915029 955.887464
600.612830 499.836914
759.013739 743.916454
3.836906 486.872176
860.660942 128.447838
822.808590 943.967151
255.914075 147.865572
176.662153 160.800687
577.140470 999.876575
925.597349 514.639289
542.536240 406.583294
445.422192 210.786181
683.338502 870.199901
449.743788 843.852196
623.855080 132.334272
142.116879 558.388365
833.246543 374.655935
842.302175 572.650177
531.520463 264.418993
90.012035 832.270713
973.880869 15.762907
927.170031 946.714453
429.810037 817.285802
122.468577 329.370674
732.916225 122.987248
46.670331 388.248244
288.244997 533.661550
249.665703 131.467118
567.852044 889.308161
602.254953 98.988088
692.793233 775.870007
47.205847 388.666809
323.063096 721.449704
405.179253 847.697962
259.639584 762.490214
173.030122 117.257062
739.439936 767.008275
108.080459 508.280183
665.035003 243.290529
983.917010 693.179399
266.160638 361.846152
548.283317 997.715233
599.927055 974.013343
242.255392 586.367728
82.404429 971.240411
637.588240 945.550310
864.059068 240.759225
440.298082 89.864953
360.265025 974.269121
541.115672 531.101218
218.174395 857.053191
492.986759 628.457417
483.808745 373.575939
690.799611 269.054435
997.886577 479.702235
355.462926 265.399632
571.610017 49.548136
755.523323 80.481290
649.039743 410.957896
969.363820 97.727096
499.298333 707.089838
58.914585 177.423386
954.840438 3.240689
466.255073 349.007229
764.490272 787.998291
887.270682 358.351924
820.781495 874.584331
138.845287 572.736296
978.929194 862.958190
738.298784 587.668636
946.767875 327.682424
358.492738 187.452080
507.105460 921.461098
996.679551 193.220921
464.026246 889.108196
241.455465 142.003649
655.336242 236.219439
140.116313 934.873801
423.968271 634.732111
942.584895 24.323051
797.523889 983.996793
34.102550 161.554359
244.119116 909.986290
139.570010 753.157392
316.287836 849.655308
156.765338 755.037555
916.185059 322.280131
562.161126 242.044180
36.537944 93.222969
798.436443 321.301325
111.375560 889.038677
73.048972 734.073968
581.180423 899.374456
786.475813 298.987694
86.168994 242.286123
102.861141 787.195149
388.873350 794.394396
386.616089 856.601604
903.161684 438.423090
576.871734 483.239744
810.370987 905.173925
258.152558 770.036544
4.196320 527.545720
460.910211 517.909563
506.031857 877.422410
838.452803 876.266096
404.270929 581.495994
203.171854 709.358038
180.548790 483.521273
542.037314 21.129520
123.845231 466.794823
420.590969 872.415957
694.981165 548.433812
527.072556 508.450316
524.461623 626.490940
433.223542 188.078687
38.487074 852.244611
675.174210 652.940809
976.170708 501.088492
794.282932 513.233732
919.329351 168.398503
273.644838 148.786858
660.726761 834.676958
415.626589 436.080259
200.920980 878.911727
869.396558 947.941986
60.956826 501.374519
601.544159 152.685002
176.829106 966.781031
688.785651 420.437838
298.745731 19.501437
760.651264 265.790057
133.496274 671.874375
192.627271 486.540263
282.204940 18.428516
728.070381 678.885151
22.733142 75.912194
856.250640 4.505437
722.877467 401.586560
465.310359 471.205809
556.030306 201.357862
221.580061 96.081324
838.804077 780.126878
592.445667 234.320428
223.438968 338.736095
137.551317 824.985752
535.530514 661.354398
383.362674 176.459686
757.942291 736.082550
339.418108 600.137824
516.415903 402.075904
689.720933 139.716148
209.306857 820.340806
467.919776 327.666874
97.154616 877.630403
334.186723 676.255911
833.087884 708.071054
550.201611 238.482529
175.871769 876.822393
753.964701 884.723346
545.278929 502.959068
233.050864 885.876263
922.351787 966.489089
782.113881 988.001573
342.443455 447.143218
136.060841 774.554338
934.762148 547.416235
424.655659 187.666225
106.241370 598.707861
483.013348 5.338954
731.796692 307.002454
790.247870 695.944034
731.377542 262.354436
390.997807 500.145807
950.581003 414.916706
505.077726 841.332673
278.227642 171.984272
539.662156 101.848733
771.650951 137.537648
595.250509 375.297360
622.726685 167.390193
326.972689 429.986816
788.418190 944.519155
533.440897 541.148456
82.093267 741.535250
982.946366 379.574434
507.505709 648.444615
408.646671 124.596574
94.618144 247.146603
792.961676 306.889254
887.696634 517.335371
855.578541 708.534505
339.419096 616.745380
639.602342 796.569602
945.300874 671.793937
840.700245 649.016413
18.848970 794.640059
515.479802 669.038837
535.728251 984.720361
195.106424 153.660618
574.011869 417.475541
511.422909 484.833295
593.192715 789.961146
876.974558 311.395210
619.292677 452.017922
65.217825 115.987276
398.151879 738.636811
268.884866 147.945517
520.301054 699.806894
654.460235 513.175325
937.683507 646.707282
209.292559 580.039964
731.672628 221.854198
703.504038 792.372900
411.329705 218.359661
970.821159 591.226246
739.524644 190.695281
15.583795 916.835359
251.883065 398.680939
630.542766 532.270360
867.941437 491.735485
598.291017 477.129336
112.753565 49.159297
220.309332 738.937043
314.873835 84.548518
6.943724 703.163482
68.643832 696.886870
577.630868 241.990396
132.584468 347.154645
628.117595 772.414035
962.687217 884.058597
372.831583 180.410960
167.009889 935.200394
913.023657 188.597473
757.727670 128.948090
230.551863 885.164745
963.863044 646.188822
495.538248 511.325973
855.625833 503.372740
185.645128 137.662185
688.350356 104.433944
221.305169 475.972064
662.480675 312.696773
494.667825 882.127852
922.810652 678.624662
644.701310 494.913848
17.041349 413.958119
394.105287 727.550558
942.223057 942.913256
543.087335 668.833042
76.942621 174.628370
979.015551 314.358369
421.109935 594.669705
613.733079 11.860510
339.597283 611.529056
968.848689 439.923498
794.231778 653.491416
230.226248 412.544735
639.352783 602.222657
556.190248 889.496564
768.749170 367.306296
316.916088 408.695311
942.092149 742.740850
245.471163 633.841608
975.905905 50.545349
515.677439 990.714304
935.309762 751.171699
942.747506 757.330329
450.832423 140.533910
953.420878 144.694876
886.780817 125.191469
93.024011 454.557566
749.014852 692.625155
950.973328 8.726723
670.041801 392.545854
518.174731 962.710874
281.653808 755.544832
441.989112 511.011864
576.395407 477.607496
149.190401 443.074014
744.957402 499.051449
557.705384 354.396841
347.702023 827.897264
469.309505 684.847646
234.382632 268.901026
419.551836 407.700774
226.908350 648.638507
667.382477 697.285837
283.068390 530.426757
882.508118 313.933358
277.951406 529.280285
613.744383 201.853450
550.942246 686.330663
159.451263 897.378916
247.439079 708.594639
350.092943 12.092824
244.094642 498.655800
908.038570 404.238788
41.304335 201.958637
318.809493 231.143170
823.260610 541.078576
907.629164 523.357546
70.271168 47.527341
792.023451 538.148290
658.314444 290.859730
479.476273 557.717243
553.703160 89.014877
73.032282 453.569067
135.315584 249.021663
307.097545 388.431604
369.971809 116.196379
912.543863 124.713559
60.789935 696.435082
984.424801 227.631591
804.148269 319.961459
592.242409 818.165031
899.678993 904.835219
565.517655 655.226002
383.412607 15.689088
686.502671 50.386846
851.714391 763.772769
728.925050 43.317200
32.175439 772.610414
263.231488 131.612121
4.912994 572.695849
299.138586 622.217863
615.618246 695.859897
317.293492 751.717152
110.172964 677.009614
500.590897 431.212574
389.730860 206.559471
645.028272 990.159892
617.297133 912.910751
290.984677 579.463325
40.107394 84.965176
9.712840 243.709190
20.362993 240.827487
587.581205 477.304436
55.656239 414.408043
955.982397 196.143426
582.554509 993.628352
911.711160 129.459175
820.352138 658.390124
562.816914 263.880876
45.891024 290.443623
485.973577 757.912696
238.685478 586.830457
859.491041 465.931640
913.069411 957.593037
266.177253 641.091008
816.564266 995.611152
236.634084 109.044209
706.023578 138.274261
975.502291 267.000661
480.115409 299.675148
640.214453 84.308514
973.201702 601.003342
63.163223 584.292997
212.399686 801.520153
149.209057 756.621846
543.363781 315.074549
457.940634 608.229284
509.583885 576.356665
826.461400 336.754678
835.872710 512.631503
797.665994 372.362074
289.372412 482.123296
46.228063 955.060124
695.502567 311.642951
783.069824 54.528061
453.126705 700.523058
691.032664 185.987895
898.558681 75.749083
114.837842 79.612437
46.224313 892.026546
290.156862 666.377992
814.907312 147.197944
955.840018 803.184066
114.603007 132.735287
881.974773 350.016980
735.377207 484.714848
602.446125 312.017897
84.799741 229.238634
813.715568 117.546764
608.459044 371.145783
847.177655 514.853718
146.446236 321.880824
851.002528 799.484686
939.123770 853.197819
695.752084 505.269870
70.703941 321.135793
329.265642 967.647333
248.720404 243.827952
16.392383 506.777732
413.348504 148.300061
479.118601 546.329973
167.857123 174.668805
658.602672 135.116205
898.052096 561.575014
391.259290 894.886937
364.757035 471.488883
313.656700 628.156728
430.126455 135.327193
444.125223 412.618166
873.508604 59.110529
470.657827 346.099836
899.951170 479.316745
876.536183 943.627710
550.921336 334.887551
455.074694 440.385748
563.265056 795.798645
987.830880 473.601713
823.983671 693.551707
523.546347 243.449106
649.116624 703.091461
858.186257 536.421496
636.078895 577.986588
220.577352 243.560397
519.595397 839.844313
263.374903 542.000804
407.518691 166.641442
742.718766 874.297775
322.701130 637.895483
109.388747 496.675929
632.343508 797.341174
913.109502 631.404299
12.047439 481.305389
299.672215 590.916153
527.781001 415.277195
563.822356 162.334764
360.378316 878.362151
632.668599 261.148692
126.070315 863.777673
511.346893 207.225472
838.505072 754.744740
994.838846 256.491098
845.879734 700.688605
473.377373 53.512884
391.046915 325.499057
662.643005 40.984750
830.690109 408.655685
276.099430 403.121019
254.973655 342.215450
615.071079 499.625574
207.016051 318.767678
528.358690 124.498718
449.961429 501.732834
623.739645 192.216465
582.125129 777.042827
758.793380 40.337645
954.807373 447.513687
362.532391 81.894126
394.572783 584.771365
252.327083 861.288382
673.830826 74.695090
400.383217 240.719974
780.597764 506.626789
876.446561 437.349030
525.139726 23.367251
733.384443 992.338927
240.345979 494.872773
326.692970 728.741587
959.845107 116.713854
609.745404 991.005627
831.580287 369.887522
699.576585 783.663222
27.764325 635.010999
629.860055 57.944299
869.829072 217.206802
594.726597 569.919743
641.126902 419.836461
191.396804 806.079521
778.513132 470.217783
950.274803 268.609336
517.106305 5.670107
297.480059 747.351526
737.100256 444.010735
488.427019 992.915725
934.595658 749.223128
193.109681 594.400546
89.974252 197.246938
129.288720 955.525324
514.115894 745.838067
300.390562 664.170774
718.206598 898.297497
686.032482 147.921798
121.657109 691.030033
141.768909 710.055672
905.678681 741.592475
944.721058 926.821559
89.944934 704.506556
641.685015 800.045247
360.460126 253.337834
848.978531 782.178527
74.497286 75.882430
355.996943 240.625114
186.288083 943.804145
516.262211 818.974904
511.206493 847.520356
274.615390 460.865682
769.513003 205.040667
118.487510 419.587624
9.188557 432.078305
940.070484 764.621321
990.549912 172.374449
97.361305 351.458315
959.907525 165.776042
197.943690 839.603294
212.563570 555.924724
426.830375 738.109844
412.142788 883.842150
735.017755 443.415194
479.173804 474.130396
709.565919 674.404382
714.441934 625.576943
71.672918 606.738009
445.714595 125.206056
338.185028 875.771151
85.732612 908.007657
884.685264 905.238451
342.644720 829.801754
478.087563 217.676220
484.231177 473.399861
431.456082 482.374137
262.113177 336.163720
903.646621 588.757078
240.217299 332.141718
305.855275 509.611533
41.039513 751.094613
647.154686 728.805533
34.585613 280.395038
599.405193 203.071751
26.923439 502.231654
7.409007 523.177730
48.103026 467.560281
285.647195 872.405786
524.053260 763.140765
106.835817 589.569108
887.996541 557.861534
978.805418 782.662283
204.983602 159.397263
989.801831 599.374845
693.011614 446.194572
192.173559 861.011292
16.781104 40.011652
475.832351 314.319453
767.044603 718.639004
165.746596 703.035404
916.032273 754.409245
356.182412 357.805379
635.003201 498.791849
194.606265 747.498271
203.447480 341.801656
660.426307 784.939158
472.423067 14.488258
504.151200 269.221410
804.234761 773.623459
289.474332 195.104214
116.532323 558.744917
825.827048 675.197064
37.059012 850.812775
610.301824 342.757735
729.245921 436.194333
118.162310 953.948735
16.385319 388.059537
116.640160 371.167684
215.267454 0.105668
775.959712 554.885447
959.712497 887.936069
541.513569 218.561570
364.311391 981.551759
940.412444 511.946893
291.423999 963.149660
656.339818 103.320892
514.224304 567.871615
218.234808 872.415034
679.469301 840.537712
917.323966 463.888844
579.797072 649.383637
190.794205 678.209854
673.010705 290.924856
574.056625 169.691370
2.854713 979.165426
833.322273 647.450541
701.250110 910.593433
343.825041 667.472096
203.525386 651.161059
63.920447 310.947709
98.143992 506.074551
594.983076 880.558710
550.231547 741.616330
345.658129 476.170345
994.995663 892.114862
774.490403 860.201648
409.104178 813.918281
524.553135 164.544679
502.425014 257.207099
879.712934 335.275325
972.389779 955.008512
828.059104 189.356315
511.579015 108.506194
663.600889 140.147198
453.949915 536.229078
402.121374 453.934585
278.577176 46.597913
171.122603 57.584124
816.375067 815.749496
301.773727 911.031045
698.772949 276.946459
639.138001 992.388099
66.787094 490.687327
981.900799 806.722307
581.814120 549.912541
380.083805 68.512771
494.147416 135.620185
368.453282 594.304481
475.417753 346.166367
18.135852 809.259912
231.339476 122.576141
137.199362 909.674991
907.571723 557.943592
357.952556 108.613295
463.650166 568.344550
166.844129 149.271208
801.191698 628.871674
446.217275 573.748193
985.872212 554.264723
527.193580 542.492381
669.448879 427.308140
767.909919 262.013160
655.176999 559.820291
899.629418 71.632121
921.054145 157.019796
31.717905 82.826951
72.566996 633.500035
235.091873 189.110997
388.530294 28.645552
445.788713 370.897946
681.772624 552.483646
592.630340 338.117602
742.536361 808.622846
524.169782 721.533145
807.562881 709.341971
910.507746 903.679181
136.000296 756.977633
523.085561 499.029759
193.153104 324.225132
251.794178 904.752269
171.390846 565.948483
896.159362 750.389300
792.967966 412.607850
700.138872 234.027581
301.560563 328.377468
40.108016 95.421205
744.197800 732.419643
776.939243 17.856670
117.054139 328.911699
18.917975 954.406241
705.691374 554.918952
522.827592 163.330758
100.050824 554.203594
499.810434 313.967251
847.593693 507.190285
347.120349 51.705499
14.317291 630.707553
301.842434 65.796176
836.337896 331.025692
548.803042 732.733790
56.811431 829.720542
113.145285 632.810687
649.224397 514.442015
226.949688 343.400959
539.911522 292.947735
572.579498 343.626310
327.396835 558.603951
456.597240 29.819212
171.502843 448.276380
181.123463 142.035750
194.847007 793.645088
793.001828 981.717944
733.479279 586.241638
963.203640 563.580369
95.260236 38.778474
749.814313 129.162864
840.253372 138.425500
517.381804 635.984951
999.079200 524.121774
914.650127 524.680897
311.834308 999.206702
667.036461 881.808243
551.135152 928.505871
398.180816 224.967397
27.040083 462.666716
39.498777 855.939686
778.298663 865.626893
591.189705 125.365969
25.846322 399.135184
265.032930 408.461620
14.452215 898.374567
981.343552 441.086221
336.112320 39.764156
316.164048 769.148089
71.929876 925.422483
575.665452 209.257142
984.781971 230.582035
392.258688 691.770205
581.829805 813.535964
98.939620 878.185589
665.191125 867.245177
789.685557 245.157050
354.540745 766.300568
213.642723 693.238080
252.416213 359.294590
664.170369 711.389831
328.884024 553.796850
663.656893 81.393323
977.578741 165.908186
418.887280 238.509197
624.080110 914.411564
515.161488 319.128470
592.198286 76.600891
431.176852 789.346595
548.217644 893.946724
562.589648 444.213533
896.849964 357.341015
830.438206 174.926450
988.838867 414.842361
255.558741 175.766675
110.512594 385.172034
586.373116 172.955521
863.449227 991.166037
527.576664 980.995927
598.545041 746.507684
554.639119 819.680554
371.075156 660.152230
178.526044 487.228915
856.371994 44.104224
259.694305 682.182519
441.590402 809.878845
633.742525 310.611054
439.984246 815.220780
415.643633 722.533201
615.504808 789.309387
922.875088 761.598509
186.135620 381.372586
729.046257 80.435028
871.513436 526.319237
847.419710 583.070897
672.563147 768.805702
317.427524 4.396669
894.809788 68.107655
685.362688 890.691393
850.250047 152.533719
634.213914 233.244655
142.921573 82.878812
944.189740 996.965540
999.824734 54.303312
675.760887 513.226911
804.696520 534.415570
922.490647 300.304575
219.000385 739.474810
353.132895 104.572289
546.464691 432.064882
714.467564 56.340307
911.532318 123.671623
548.975662 633.953222
851.800526 211.447596
799.749044 382.184904
381.677848 859.583493
19.763340 162.451779
327.050995 746.069071
182.872345 535.499472
139.625144 679.791686
258.866198 764.197878
873.734943 863.179918
464.887118 357.795310
465.773618 257.198829
740.724442 355.695691
177.472917 787.315683
414.689901 693.166314
46.239662 149.999329
38.729637 929.008184
840.555773 220.877524
288.539765 487.823728
853.400420 100.864474
229.210775 345.495200
737.833311 764.453404
168.353331 514.432235
62.572454 655.236588
561.329460 264.226947
862.292130 543.835861
249.322482 362.955565
194.185454 674.925767
477.369323 146.213837
415.959065 23.998342
340.126167 500.484470
642.488053 296.712951
854.566474 698.727035
505.282103 276.302661
818.830314 81.079706
706.612962 44.047222
301.652791 878.460337
282.889863 529.929831
530.676426 78.694260
614.424198 627.499495
384.012361 95.755292
359.195119 992.371805
792.926781 720.404621
840.466550 721.306042
990.642593 730.064549
194.873228 234.340115
554.314381 361.805424
863.757756 176.613079
336.026589 598.874790
288.602374 540.094728
372.091845 747.644240
656.748147 966.099741
238.353495 7.192674
887.265710 274.789779
391.817490 276.559254
131.386740 216.942446
151.696769 567.590868
499.716781 739.943519
230.717915 676.001064
549.888169 970.451638
380.681358 111.583728
387.715312 331.247129
270.492069 160.205086
566.885480 644.254363
983.086369 732.603657
869.662104 410.983841
405.409984 725.593492
49.824430 399.189953
185.547004 488.489655
45.632828 950.941007
465.506260 763.704572
582.737619 71.168057
121.529332 543.489961
435.778001 120.855999
226.779150 477.181050
981.911003 978.221537
969.365701 129.337801
780.424644 596.986184
546.797423 24.295293
330.994017 16.445579
400.846504 27.190403
989.096977 752.889272
809.997464 627.384872
457.535915 806.128275
597.926168 345.098584
71.903301 478.771589
714.096122 813.519471
821.753099 204.342922
391.494944 855.522844
772.438130 367.654868
175.368277 414.623243
572.837207 674.942544
