61.533509 93.689519
39.753285 33.466066
64.175454 96.849087
42.607875 10.552026
47.907417 79.965521
80.517932 64.890479
14.276652 47.683090
9.688046 26.996507
30.294647 62.128810
98.901980 45.578596
39.467956 37.931088
7.792158 62.803577
39.718008 40.563028
42.805313 28.895026
38.698737 9.670669
34.932842 16.270499
58.275668 39.143874
91.089573 42.448483
31.647657 2.174538
47.460207 63.696578
48.385469 14.574118
47.205339 80.135284
33.720241 36.087979
30.670443 78.132459
72.230568 79.154079
42.602264 16.245059
30.714071 11.393603
92.293268 72.956386
77.977317 64.762167
57.736255 73.235816
74.367849 0.445264
83.560198 96.254477
48.993311 30.574965
73.432489 79.840385
77.343982 20.312996
0.527438 64.651407
96.192064 0.021908
68.215021 89.856560
19.198632 71.406734
32.985768 91.798364
55.103659 27.199221
37.301801 31.368224
5.741743 1.473053
57.603895 48.656096
63.005575 34.696033
36.222066 84.264862
39.536716 93.590773
80.126291 82.571137
73.093128 76.203955
59.864647 45.127874
64.180362 79.338237
37.741125 15.087430
74.432877 93.371122
88.445912 10.440918
80.505972 63.870967
79.341973 0.543042
26.914606 53.780299
85.489728 25.865802
26.535689 85.324323
45.905005 25.420968
50.217230 0.985215
58.516321 83.813073
46.309519 24.079940
11.555722 17.022595
98.746401 30.765148
69.835959 32.969761
22.766138 30.482459
18.688234 93.151919
4.305457 61.815796
38.086219 15.075074
66.775822 1.238319
12.432111 46.490593
67.395715 19.780124
44.539954 83.010375
55.378543 47.172301
24.867690 51.265723
23.007290 83.515698
48.342369 90.191207
43.609509 45.010475
91.054842 58.724993
90.949230 83.702879
94.290802 45.507981
52.640537 29.509454
65.389489 1.143085
11.830811 40.440060
76.092852 92.564945
39.024566 85.873591
77.442515 76.353166
67.654062 61.814570
17.481736 15.540230
84.644079 13.036004
96.126176 92.640747
13.034607 72.640025
60.892308 17.023232
9.459135 79.689558
42.400980 33.270337
74.560708 41.816705
13.358909 23.176369
25.225766 69.451760
75.729887 92.205161
92.141580 23.543209
90.718160 0.115230
36.672640 57.057410
63.882708 76.665091
10.180381 1.660980
16.096432 32.739706
56.247018 43.626458
29.884838 74.466801
63.529166 34.696151
38.207616 55.401714
36.606957 53.129242
43.174422 32.516708
8.312262 4.182624
97.362808 76.715574
58.657421 55.271830
53.649434 86.031871
37.649688 78.310171
59.044652 63.470760
53.056568 21.746625
95.533693 34.780168
50.288899 5.519012
58.029850 7.696676
58.028474 84.565059
84.941838 17.474779
98.611925 70.627884
42.840814 25.560200
90.283638 97.103109
11.960395 18.362880
24.931111 17.185911
43.601236 5.977373
61.709815 56.857794
8.950649 33.560423
50.033439 12.014316
24.604787 32.648688
26.500969 1.787101
35.805935 90.355978
12.920965 62.656869
74.000024 18.410274
21.473930 12.342200
35.357216 48.724120
6.278466 22.172871
59.446188 12.076187
64.470991 63.945906
38.845057 68.865374
20.339178 40.565832
89.943535 80.993012
49.554318 59.415244
92.003775 7.449753
7.999127 41.333572
93.341927 97.760734
64.660379 46.983503
51.739842 91.518285
47.813342 98.838576
79.945636 46.310834
46.184738 26.884554
48.694602 10.179006
78.550495 98.161824
5.783797 8.272461
35.251104 65.303529
56.419582 43.906726
40.339356 83.555192
12.117094 52.001878
95.558707 55.189246
65.654585 56.611362
67.166382 65.388745
88.640460 80.214252
60.937854 82.507104
96.903179 51.724406
32.099188 91.057318
0.344842 95.752796
17.245780 49.827358
48.399815 55.697511
8.074021 0.067323
31.499684 15.182135
66.137944 80.417872
83.179036 90.051140
89.502594 70.100652
81.662750 5.838514
27.903720 77.816636
64.203799 73.251141
31.925053 64.361489
23.547783 67.580933
32.732584 36.541917
60.003030 70.921332
74.834019 35.356223
32.045344 86.098154
51.670741 30.150046
31.816538 40.549007
7.164291 10.246938
20.294895 96.308639
59.288494 61.713021
10.743912 72.929572
27.324800 47.921759
20.997346 2.394493
44.240248 45.849551
93.400567 83.333067
78.859911 98.525927
25.257922 9.895428
12.459882 13.245081
10.081449 38.908917
42.162697 28.452228
96.604208 26.925332
34.057585 5.824491
92.220436 48.864493
65.531218 83.178398
79.337623 27.424405
21.975099 35.497160
0.767220 94.673555
78.441500 66.292878
84.401191 30.819799
88.367613 94.476059
59.118639 6.970483
52.909705 53.408373
34.529469 36.786914
77.671905 31.706405
89.547718 28.504791
80.023639 57.298905
22.692590 94.360654
19.507980 70.627405
34.789045 99.483758
23.528164 37.847387
1.026546 53.151986
25.429950 1.165197
83.458912 93.926029
14.772493 81.294211
11.802569 65.773113
48.703305 56.455413
46.118448 12.754714
68.479472 34.493142
26.235413 38.589501
73.750794 29.591093
37.503069 14.083893
7.994319 60.513787
55.218887 63.840555
68.208058 72.829643
47.806306 80.584484
83.428130 76.574064
80.286414 73.757427
41.076941 80.141390
36.338029 33.258555
76.534000 6.932212
9.694069 28.213375
82.201145 54.639693
29.328120 17.706600
94.832900 56.543666
29.402473 67.360981
36.002632 96.230788
50.861993 37.523228
52.889766 18.304373
41.593207 57.024893
17.378299 77.071957
48.378953 5.058951
25.782073 19.301277
96.559223 70.858147
12.880235 78.113308
50.360958 16.617566
91.440074 33.324536
85.478087 30.208919
21.293446 78.951044
30.201958 4.315835
36.246784 99.693238
44.254028 77.456079
4.318867 87.193317
58.078935 32.659389
6.354848 5.927525
23.912638 99.712645
70.420315 54.238282
82.802941 69.036266
92.528258 22.437368
4.848971 96.662427
5.414801 6.558848
34.550328 87.369125
12.891778 72.114131
22.207229 36.904669
56.775206 20.882233
67.684706 76.860105
87.781650 46.188563
91.175829 92.162862
81.219241 51.789206
21.186994 89.811726
65.681278 5.240762
81.488555 78.151867
98.422682 90.010983
14.583902 11.633444
23.295278 23.736897
46.034625 3.944854
1.157619 56.094926
87.423124 20.440688
46.642328 17.611094
89.662565 58.732416
15.712513 80.198785
0.974042 70.721026
8.279020 45.482384
22.434411 55.140570
47.554815 53.771411
36.110949 16.718629
89.993081 13.716353
30.751414 39.015199
28.445391 81.680237
99.736680 74.385408
95.557301 31.552828
8.380614 52.977801
97.902960 55.055037
10.001831 0.768823
21.606440 39.431837
30.888148 37.100179
42.713906 92.615524
89.113838 36.268798
69.691889 11.572506
99.107639 2.090667
37.832491 50.675863
9.231084 46.823043
54.880216 71.791847
5.577848 46.884563
88.844555 10.443027
15.948468 45.898352
13.604066 43.530471
16.625951 32.351505
31.738717 32.622612
88.239161 35.572881
73.413126 54.403515
59.883634 64.244950
64.876784 84.108610
13.410251 86.086016
47.671731 18.779421
25.730331 49.670343
9.460801 7.679785
74.146495 80.144636
90.892519 30.564586
98.992892 73.541798
16.999174 5.117594
11.402929 49.035096
32.854644 88.007046
34.414250 0.306803
56.444084 55.714623
95.675873 24.398451
64.758642 98.500031
90.024918 48.805220
69.326762 74.893673
37.964997 77.702107
39.305932 14.795993
76.249588 26.819877
61.676088 90.015783
95.261246 55.768739
5.198593 72.756817
23.824765 22.821198
55.879404 65.142291
46.493050 8.689204
39.457925 69.340920
12.836430 41.876577
19.631206 41.671761
77.284864 26.703765
10.173261 82.003621
34.853512 82.968667
54.380040 65.333664
62.885068 9.329498
0.872966 71.947315
18.521577 92.138972
79.694410 23.952530
70.176568 57.578512
22.056360 1.249467
99.793826 34.831183
7.688000 12.208345
85.650154 22.139233
94.081795 32.721185
44.964137 12.255967
86.041981 7.579731
92.535230 39.602812
4.460147 61.698880
73.079774 51.763250
84.945172 73.500626
25.022127 46.887349
35.675201 93.105939
31.514886 70.692742
32.922569 29.613702
17.495993 55.157830
37.642322 54.504053
49.620237 67.318424
20.754658 23.541279
58.269250 31.291810
21.446287 47.745442
57.639673 49.982656
58.497094 60.658373
85.268193 2.523846
18.283537 91.406227
64.463321 35.039343
6.244108 44.724564
85.746293 37.951864
56.977362 18.528267
4.575723 4.173990
52.253313 21.431833
4.818070 77.310824
63.023851 41.862243
78.715994 79.708244
56.454395 29.017831
2.687621 70.850476
83.954889 29.821668
12.767375 81.264365
10.184736 74.856316
10.106263 55.955003
35.740819 95.937632
23.779053 54.535486
77.907205 86.402097
60.047613 20.231230
26.285086 73.432224
75.380919 27.112298
76.400409 61.682268
93.879529 33.247694
93.999589 51.099349
26.764514 31.186525
51.922981 69.536963
7.744149 55.915081
64.759572 14.131639
10.449177 19.315240
31.235253 70.896956
65.147850 39.914072
35.804933 73.507370
38.370650 95.519248
91.996020 77.101573
46.137603 34.692414
75.394742 59.421635
99.412084 18.900451
59.880400 9.879076
37.631447 71.737982
0.268845 18.471332
47.683903 23.352887
91.974605 17.187199
65.259148 10.498502
48.317925 79.367866
35.726740 59.316749
36.599890 34.345305
41.548658 8.299625
91.800007 82.713525
66.208232 61.757441
57.303624 2.001886
45.690581 21.600976
47.604264 84.866085
44.294333 54.851035
81.342243 19.084731
57.082292 82.082401
58.913184 53.890276
33.865270 73.597380
51.173392 71.201054
76.112902 29.541795
8.953531 81.989214
92.712690 22.187526
5.756116 43.037071
24.050049 9.167775
82.787445 8.585654
99.091757 35.162169
70.568744 48.875483
50.236663 27.593692
67.183554 53.997851
41.884922 59.878177
72.527729 73.537534
45.337807 92.514240
86.830783 64.967152
2.922004 10.113351
75.090344 43.413270
46.833681 33.682231
97.253545 40.329248
13.663499 42.427198
73.909797 1.954966
57.106397 87.221449
30.900425 43.438492
70.729406 49.132535
70.516933 78.099551
19.159836 19.356693
27.935514 12.182346
48.687523 91.197844
62.172469 32.690622
31.288217 61.068979
86.325032 64.821067
47.674919 72.367354
78.119526 54.871945
32.779094 18.231070
9.591202 99.336318
45.495388 40.984990
34.720689 50.616579
12.840361 7.938960
30.100922 6.196409
43.048430 14.954761
44.665057 85.609087
31.928597 23.930333
97.114677 6.369756
56.481693 87.816032
24.057929 41.608726
17.853519 64.089968
60.084219 35.460552
85.503462 56.688911
70.521395 53.091822
14.245823 29.553966
13.499604 87.851229
15.610919 72.710412
43.889501 50.851349
58.617122 77.975487
34.002188 74.767516
17.637993 41.754351
65.372063 8.270173
96.799369 6.996603
91.911105 49.943573
1.625226 15.176844
77.213171 21.761432
44.387191 15.522199
81.597670 12.033755
51.324398 9.152513
26.281323 10.194377
36.898944 60.548430
37.469455 49.127254
81.758080 8.044220
99.200822 68.210549
14.696023 96.050199
15.695034 86.443841
61.633876 80.557757
34.227405 59.993356
8.334772 82.515575
39.271879 42.474740
72.954706 49.742124
15.883883 60.415372
1.154876 10.005438
61.388749 60.698281
56.015431 51.349974
39.014279 12.987529
81.394875 3.664813
94.509846 26.986688
65.263911 90.559129
27.275514 19.571792
43.116264 55.048580
1.492351 81.951333
56.056334 38.812771
26.248323 55.565415
87.927938 4.862032
16.165475 93.143737
66.788323 11.340333
96.969930 73.607047
13.647253 69.375348
91.480606 14.550500
50.248760 30.905547
29.536380 17.936769
63.282003 80.618223
50.478323 89.168631
57.179668 18.685782
51.942954 5.235768
97.552310 61.681589
82.463204 59.076130
92.516104 18.151913
79.195301 35.421428
27.941309 9.574468
18.076955 19.387772
50.279138 41.469703
81.298803 88.977613
46.748214 97.224938
59.541296 10.569846
47.395177 70.735502
51.579709 0.163727
51.767084 49.386714
42.494418 3.684549
26.208594 87.831329
81.150246 92.180335
74.884965 91.598587
97.449590 35.251837
77.623800 23.205676
17.804925 47.377030
65.740327 97.668212
9.636723 64.396001
3.591314 59.211375
65.581747 32.419292
71.036595 12.056853
39.520139 14.982202
5.867519 15.387912
24.641825 55.149490
97.478310 17.948639
62.783981 10.375781
85.746396 39.681492
26.828542 7.304472
66.254878 45.733458
42.233492 18.292016
33.920498 1.816514
30.153854 95.821368
69.734221 23.049735
96.890822 44.039176
66.430348 94.864357
85.254042 64.680484
84.901866 45.664720
86.954168 38.694388
36.571597 58.837806
87.000665 20.178489
39.869721 90.393350
41.028578 67.305635
5.814383 22.342830
15.942615 47.528717
15.144894 40.235802
43.117805 80.944471
33.725760 28.841412
37.612843 59.047921
18.404045 16.791545
15.503112 60.809664
28.019564 24.817735
11.680221 9.477549
89.169243 67.465083
85.646960 68.457383
63.239142 60.255718
17.844261 8.497833
23.087038 23.852654
91.555758 77.625538
52.417600 82.599170
44.242123 77.357731
51.381853 74.799692
58.426022 66.147025
33.046160 6.815846
53.923523 92.645339
90.211217 79.922683
60.535006 11.839142
80.463981 58.121858
54.065933 86.129848
84.348303 41.932867
65.695244 39.962968
57.600315 88.490882
66.259224 18.781658
63.332905 36.127256
90.791819 38.103624
7.615366 91.451268
21.455583 3.983251
46.504375 99.029635
91.080682 93.018832
67.504861 54.197336
94.626379 85.555944
38.744988 87.012273
15.279701 5.929005
48.788753 92.572258
61.936912 73.682601
83.467056 30.810010
23.840896 93.939934
48.474923 18.032175
66.768102 71.497466
57.902947 74.822437
40.698767 24.178647
70.524519 5.589541
43.421130 78.934185
46.854521 83.926343
50.040970 38.587055
32.637311 35.282419
91.624514 33.210873
75.142745 24.116168
20.440989 51.709902
88.328917 44.108686
34.692836 82.498737
56.271932 62.363041
35.625198 52.701799
59.132506 40.029585
77.241484 97.616423
39.212978 52.519640
97.593813 59.219271
98.291925 92.385278
19.363992 50.613852
67.011490 62.112930
32.015745 88.618905
17.936315 55.647379
65.505890 57.486521
75.964940 42.739573
23.999519 59.919837
72.704463 43.908417
68.761599 76.186613
68.405178 85.820971
93.058093 27.370315
12.882830 21.717141
99.993819 96.109644
14.785072 92.711054
94.688795 34.583696
48.177006 10.946522
78.202403 47.790362
12.622123 40.022569
59.310621 33.609566
75.976014 28.871765
47.753592 94.616005
11.196959 87.285619
9.402284 24.180657
4.307042 88.452061
13.794385 42.228633
36.634810 21.254128
18.126860 58.137417
15.573105 37.167748
78.341999 93.980904
37.059239 54.631260
87.588659 2.594434
4.645286 73.329467
48.349320 7.016986
34.480679 16.775945
53.304089 81.831291
38.515386 28.098036
43.692439 38.817186
0.436825 41.720560
97.458622 87.057574
76.639076 72.958697
16.818805 73.650942
51.389777 7.975539
44.890402 72.991092
61.286009 33.957823
29.125837 17.948229
55.892863 91.353321
75.260204 98.240333
25.276001 13.740910
43.470301 5.350256
21.748152 21.197141
60.341269 55.700908
65.166602 55.078049
96.764564 22.029503
49.858142 65.786217
68.949859 40.274222
88.853532 61.307251
90.967831 96.331112
37.007075 77.905723
61.485285 83.191502
99.566958 21.860081
2.378474 75.019407
51.167656 74.801316
85.715006 12.106722
77.683590 28.095837
6.726931 59.536228
25.379034 45.417460
31.242877 99.028709
75.507772 59.127984
64.034757 32.164835
94.377377 0.566988
29.367644 81.998649
51.291367 54.004662
56.354964 57.875117
7.091218 82.097073
5.505644 33.365312
70.796459 76.089011
28.013051 15.347961
53.176126 31.154411
12.178990 92.285228
37.820033 41.297006
78.784890 37.638359
87.900868 49.889360
90.466012 62.266977
21.074177 93.697680
76.903363 14.819266
67.402132 27.625927
8.953009 73.229158
62.466422 73.150393
38.663454 16.668235
43.032792 52.128846
29.509854 72.118601
97.333331 81.286834
87.823488 49.363579
53.673350 87.985587
73.757154 36.492254
25.305096 2.740287
56.011274 81.486324
40.640861 50.957890
49.262234 50.366606
11.541251 73.811126
43.595843 15.333147
4.201319 11.576664
68.987725 76.693439
86.633306 45.973781
81.340489 89.605929
6.849472 19.075821
7.326282 32.813839
2.194047 75.345947
39.330836 33.358830
61.851051 30.616722
75.246499 67.916547
73.401178 53.592968
37.007900 91.767006
28.061866 35.777641
14.815607 5.914262
0.993380 95.739184
88.467702 76.665693
20.303007 32.636165
16.020159 50.820336
37.391887 45.438055
77.391449 18.091599
65.500475 66.487761
59.794641 68.537347
7.185619 68.696998
90.453189 46.746768
72.925627 61.016670
7.165494 30.465581
35.016785 27.097997
36.039305 12.594152
69.905872 7.991101
6.434358 42.256597
6.624720 41.661480
4.495848 61.724698
6.990904 96.121041
6.339373 45.844752
12.752180 25.887588
92.696288 46.511496
18.706561 1.168073
31.803177 15.997168
64.408224 9.024115
68.304787 98.562980
48.002124 71.697980
27.946941 4.242230
99.162335 21.365043
82.274884 93.973441
11.616627 40.655344
94.363453 66.549938
4.810597 51.699163
7.831711 27.562077
35.828649 72.101226
5.305666 72.336512
59.754828 99.396080
49.913618 98.178371
83.878958 53.652331
34.725192 26.306179
27.943272 42.570440
81.391767 51.426146
19.235327 88.142633
13.228362 29.079574
40.394530 10.871946
24.790583 55.328543
6.819815 20.634712
7.597692 94.417075
67.782185 15.189983
98.047484 84.068131
33.081972 8.699643
14.905558 17.706619
95.146737 31.208971
29.175893 59.231271
99.968852 76.494160
37.351104 59.998374
92.675640 99.489500
20.026514 85.621413
39.088678 63.413589
92.190518 46.036703
38.872375 27.998544
71.526818 51.231872
54.067811 17.699073
68.324336 27.121005
22.732383 63.168517
73.270206 52.359307
2.867656 96.693882
34.067261 68.457227
60.611830 3.020238
61.137600 39.648547
73.125439 19.253804
98.678095 82.740085
12.614160 6.194002
2.594709 9.281628
96.315163 68.942188
11.355137 45.792122
28.197926 22.534735
41.289564 53.706204
40.169591 30.323144
41.075999 64.307862
22.238837 68.131222
81.452105 65.534204
33.364208 52.250312
70.992448 70.081045
52.130342 54.653631
63.570569 30.551947
86.565665 9.127122
99.541495 93.911862
76.661470 49.320186
24.359043 2.429447
31.718830 98.378729
51.305815 96.835769
18.769018 50.888459
82.329446 11.002432
17.867602 0.785984
10.026148 9.461826
24.903276 49.356862
40.777190 42.237843
91.423959 62.474245
4.628701 94.581586
32.717919 90.059026
22.057028 12.464654
93.444235 17.257888
53.327046 67.659556
54.164162 37.074268
7.221067 64.470749
59.884021 70.733010
9.703155 80.920710
34.369615 50.125831
64.837197 18.766263
4.580615 86.390782
69.871536 30.902024
70.318940 50.416563
51.172146 50.260038
20.453167 56.381198
98.795543 56.692070
23.617832 44.907921
67.433191 49.643974
66.268380 72.659035
80.400703 94.609061
94.495619 87.865280
51.761437 54.468507
52.199818 22.336967
17.408626 86.775994
44.138459 35.074885
3.598786 84.788600
42.007619 22.056040
95.863360 75.488026
27.248448 64.667210
61.795558 97.938123
46.034354 99.383646
40.934689 89.313151
86.126239 23.694724
37.228536 0.008765
47.305574 64.787094
76.692758 75.188024
85.112401 84.117311
59.653004 88.041480
13.161735 9.279529
61.051891 99.130151
80.454923 5.892715
38.856318 58.128896
72.362287 92.951410
34.353813 84.541903
95.765453 29.960236
41.678858 96.572819
99.363085 95.373094
35.584372 66.532700
15.094842 99.011458
85.575227 62.843548
11.510849 62.837651
12.407100 26.133952
33.333209 31.243432
8.359306 94.858797
91.793105 66.722036
97.265278 37.519317
87.158439 71.883095
39.173687 92.161908
65.181445 4.553743
34.760752 23.961389
19.058373 14.076139
77.661009 48.574060
84.227841 17.328621
42.126709 23.603802
9.108025 78.568005
92.452092 42.308671
81.839767 80.971742
92.071597 47.327565
34.383469 82.968925
58.726023 8.267420
50.520482 97.747755
46.519901 59.983483
42.396961 65.716249
92.988571 58.917646
28.880198 89.489922
57.113057 99.142443
87.039766 77.348542
96.940978 87.011148
96.361018 39.633727
24.043411 97.608359
3.693916 83.641490
62.516281 11.129924
60.639067 60.802576
8.903007 32.835975
74.236945 0.334687
25.092553 30.545088
71.292637 15.353119
39.871949 27.848788
54.575073 43.256596
13.615743 39.787637
10.816544 93.652996
25.906883 16.974854
96.379198 45.186922
56.599202 62.794837
92.819405 15.740917
57.589309 3.513862
57.482682 11.431047
21.599881 29.194296
68.527036 33.894933
72.145711 52.969679
61.390732 94.031571
88.608912 49.977735
75.791154 21.928391
50.465365 71.389732
47.225460 18.308787
15.777013 64.257366
73.545789 84.077420
89.192211 53.498399
47.585785 74.293057
43.401226 44.410902
14.022138 70.079228
21.587153 15.281623
38.240171 2.547102
9.144940 99.006558
3.222257 56.467812
54.508052 16.824487
69.151431 28.095815
6.359092 77.260185
11.928890 88.861259
91.182718 7.946951
64.410810 52.486292
37.103683 1.598726
69.779734 87.997501
73.996377 57.109454
38.594520 58.095575
12.333912 96.060365
86.555632 40.511910
83.664845 55.047831
88.894245 45.573759
58.169197 49.695414
30.826261 96.963183
